0	10	379	8	0	388	64	322	11	56	19	1	160	0	0	0	0	0	31	0	9	72	0	0	0	1	0	0	0	13	0	50	0	145	22	119	411	211	0	286	0	57	0	0	72	3	23	3	0	84	1	0	20	0	0	0	0	0	0	0	0	106	0	0	121	2	31	2	29	9	80	181	0	80	137	1275	587	992	185	0	0	0	0	0	0	0	104	0	0	0	0	7	0	0	0	15	0	0	0	0	0	0	0	0	0	0	0	0	6	0	163	26	1	169	712	21	234	20	3	6	6	0	0	0	0	49	669	1413	1069	462	69	10	143	5	0	0	35	28	0	17	59	0	6	0	81	0	38	54	41	3	16	0	0	0	0	0	17	3	0	0	0	15	0	43	0	5	11	19	28	0	4	8	0	0	0	21	1	0	7	77	9	100	20	330
47	0	145	14	12	385	345	125	0	0	0	0	881	210	158	0	270	0	0	0	0	0	0	106	633	43	0	0	0	0	2	0	16	0	0	9	69	0	9	2	0	0	12	9	37	1	1	0	10	7	13	1	0	29	1	0	0	0	0	0	0	0	0	0	486	0	14	1	31	0	97	188	10	0	85	67	152	97	15	0	0	0	0	0	241	0	328	19	250	0	0	0	0	0	0	51	0	0	13	4	44	0	0	0	0	6	0	0	0	0	3	83	5	0	845	20	487	179	55	12	17	17	37	20	0	229	23	84	270	95	17	0	15	10	0	260	117	272	39	0	488	0	12	0	46	101	219	3	0	5	0	0	24	0	0	9	950	0	0	0	0	53	0	183	0	26	13	0	20	17	18	27	0	9	17	4	7	0	53	129	14	403	0	279
13	0	108	0	0	56	232	38	0	41	52	0	0	7	5	0	2	0	0	0	0	0	0	8	0	5	0	0	31	294	0	0	400	290	0	328	0	345	154	0	0	31	0	29	226	9	0	29	7	0	6	0	0	0	0	4	0	0	0	0	0	0	0	0	0	2	18	5	0	6	42	542	0	14	292	2521	65	490	71	0	0	0	153	0	0	2727	18	0	0	0	0	10	0	0	40	0	0	0	0	0	0	8	23	0	0	0	15	0	12	65	0	0	16	0	12	0	72	52	0	0	0	4	0	15	177	455	753	203	658	35	21	0	70	0	7	9	35	124	23	0	57	19	6	0	26	189	55	1299	0	9	28	542	92	0	0	0	0	0	0	0	0	0	0	12	0	6	0	0	101	0	14	103	20	37	97	54	53	0	0	0	0	74	0	38
22	0	115	47	0	110	17	294	9	6	0	0	207	2	0	0	10	0	0	16	18	122	81	160	0	10	19	14	0	0	0	26	98	0	57	0	131	222	0	3	0	0	17	7	151	48	11	0	27	74	148	6	9	15	71	0	14	12	232	91	46	16	77	3	0	0	12	0	42	1	11	334	0	22	47	120	92	84	0	48	158	13	111	56	11	62	69	2	125	4	90	0	0	55	51	0	263	157	9	27	0	0	0	22	478	18	68	10	0	53	38	88	17	11	19	19	731	67	92	29	26	1	20	13	0	145	0	0	1500	102	43	6	42	20	73	284	0	154	11	64	0	0	9	12	21	108	43	0	29	89	7	13	0	61	0	76	223	364	0	110	14	28	18	55	7	350	227	22	56	4	8	23	23	26	21	13	6	9	15	74	46	1059	15	271
8	0	369	0	0	134	353	227	39	3	50	4	13	0	712	0	64	0	963	0	9	0	0	3	0	0	0	0	12	0	10	7	0	127	175	143	0	0	0	0	4	0	0	145	77	0	18	14	0	0	50	10	194	0	0	3	20	12	368	0	0	66	9	9	387	1	22	6	87	2	7	196	0	7	43	222	151	278	0	35	274	0	0	65	2	0	48	11	4	9	24	0	7	13	0	0	39	19	28	18	24	1	0	10	73	48	0	8	3	101	83	77	2	0	28	5	110	75	182	130	48	4	1	40	0	56	39	11	23	144	68	0	138	5	74	32	0	104	0	0	50	0	0	0	51	3	0	258	202	6	10	0	0	0	6	21	10	0	0	1125	0	20	0	34	22	166	22	91	50	40	5	12	3	0	0	8	0	0	18	74	73	721	0	459
28	0	95	31	0	243	68	27	0	10	37	0	0	0	0	21	54	101	6	3	14	0	0	0	0	3	46	46	0	0	0	35	3	68	89	74	0	30	0	2	0	19	0	16	3	0	3	7	0	1	45	22	0	8	0	0	14	0	114	88	241	24	15	10	86	0	0	0	91	5	0	303	0	0	19	46	419	70	35	23	341	0	112	34	3	0	48	6	13	3	15	5	0	10	4	0	48	38	6	45	38	0	0	26	0	11	9	0	0	19	80	48	0	0	0	10	107	78	68	296	55	12	27	48	68	0	0	64	31	39	61	0	8	6	176	167	0	222	161	6	40	0	7	22	29	56	64	11	103	6	14	0	3	0	0	0	26	0	0	0	0	0	0	91	75	426	235	23	48	245	6	7	0	0	9	31	0	0	59	99	152	4572	0	851
18	0	287	38	0	76	23	241	0	50	0	35	8	146	0	8	8	0	0	14	6	12	25	32	91	0	69	130	0	17	0	15	152	525	342	256	126	744	0	0	4	123	0	26	109	16	15	17	19	22	5	0	0	0	0	27	16	8	336	462	82	29	12	24	0	4	12	0	13	0	31	140	0	24	0	24	107	216	37	85	0	0	386	0	3	0	3	3	5	0	167	6	14	0	0	732	86	0	7	57	51	3	35	1	1050	0	68	29	0	120	221	294	11	0	11	12	259	13	28	12	21	0	11	84	0	89	26	0	405	0	41	10	16	26	0	52	0	290	0	127	26	7	15	0	46	0	41	100	36	13	0	112	42	4	22	16	57	106	41	137	18	47	21	84	2	436	87	18	0	28	28	20	112	49	39	31	14	16	11	34	104	423	37	183
0	30	98	4	11	33	0	111	30	3	39	87	16	68	0	4	1	81	0	12	0	142	7	43	0	0	0	0	0	10	0	0	0	8	0	16	0	0	0	4	0	0	7	0	0	1	7	10	22	0	8	5	42	0	7	7	6	0	0	96	0	21	0	5	18	2	0	9	93	5	188	158	168	129	220	242	60	64	0	72	0	21	42	0	114	0	4	0	28	4	20	0	27	7	32	16	1	0	0	11	21	12	0	0	270	0	16	10	0	63	116	41	16	0	14	12	77	16	93	0	28	9	0	6	14	27	15	267	449	124	25	0	16	4	0	339	0	335	0	0	11	21	18	4	11	0	70	168	105	10	29	0	8	182	37	0	73	55	43	521	0	0	12	42	0	184	7	49	0	0	14	25	16	31	11	44	0	7	15	20	26	357	20	72
0	0	47	40	5	245	0	22	9	0	0	0	1779	164	52	0	10	81	0	0	3	892	88	501	122	18	0	8	10	0	24	4	491	0	0	95	0	0	0	31	103	82	195	0	0	92	0	28	638	311	177	0	0	0	0	5	0	14	0	0	252	0	148	0	328	29	0	7	156	24	12	136	0	0	16	11	186	293	1	184	1	426	189	0	3	90	1	3	64	32	109	0	0	0	14	515	0	0	0	50	0	4	77	900	0	112	2	0	6	63	41	77	8	1	10	3	47	0	0	0	0	6	3	104	0	26	0	0	4	0	0	0	21	6	0	8	100	12	48	0	8	0	0	8	4	0	4	13	8	0	0	8	0	0	4	0	4	57	2	25	28	0	167	176	3	158	87	15	7	2	0	0	0	0	0	0	0	0	14	2	32	3	0	18
0	0	885	1	16	124	5	334	10	8	0	0	3	0	0	44	65	0	1147	2	9	4	0	79	0	0	0	25	20	8	0	94	62	66	32	309	51	0	12	114	0	0	5	11	0	1	13	7	0	0	231	19	64	0	21	12	0	0	0	0	0	53	0	0	0	10	0	9	81	10	77	2298	0	0	31	0	518	118	90	0	3	0	0	0	10	0	112	0	2	5	0	0	3	6	5	0	0	0	0	13	0	3	0	0	30	0	6	0	13	2	52	108	8	0	14	8	1437	179	163	10	33	20	0	65	0	25	26	146	1247	165	65	0	0	6	0	493	50	329	4	0	35	46	0	0	14	0	5	22	52	0	18	0	14	10	2	0	115	0	0	26	0	271	0	232	0	291	2	12	10	0	10	82	0	0	12	53	23	5	48	164	26	1039	0	19
0	19	73	5	33	384	0	335	0	90	331	0	0	0	21	17	64	0	92	22	21	2	0	0	0	45	15	21	0	11	0	3	45	1	20	23	89	92	0	17	12	0	35	17	152	0	0	5	33	33	232	0	300	0	75	19	0	0	0	0	0	0	81	71	0	0	57	4	39	80	12	0	0	0	115	50	1541	158	0	3	376	1	0	9	187	171	8	1	0	0	34	0	0	0	0	70	0	0	0	0	0	12	34	0	499	33	5	0	47	69	46	3	0	116	0	0	87	34	59	0	49	0	0	36	19	78	0	82	577	40	10	4	10	6	36	0	0	135	66	0	60	0	0	0	99	19	13	21	9	143	0	13	0	5	0	0	25	0	0	68	0	105	0	508	94	426	159	285	0	24	3	14	0	6	7	32	0	0	76	104	62	1203	74	470
56	0	178	6	0	250	85	398	5	3	0	0	106	440	5	0	76	0	0	5	3	193	0	285	0	9	0	179	0	59	0	60	74	121	48	384	0	0	0	3	0	0	0	69	124	6	8	5	0	15	77	0	0	0	0	0	0	12	202	348	19	43	26	6	0	3	0	0	28	1	136	264	0	0	433	209	278	0	0	3	0	737	0	39	251	0	70	18	98	12	7	0	1	0	69	0	3	0	24	12	73	5	33	2	18	53	0	13	5	8	32	100	4	0	84	2	434	351	41	9	12	0	0	154	12	97	620	480	1740	110	56	11	21	3	0	218	0	472	14	0	56	5	0	0	42	22	47	246	0	5	0	38	0	19	0	0	173	1	0	510	0	17	74	48	103	189	9	61	37	8	7	17	0	13	11	31	4	0	15	100	31	815	0	130
0	0	289	5	3	133	0	0	0	0	16	0	0	0	0	10	63	48	521	0	4	7	0	0	87	28	0	0	0	24	0	301	224	0	264	685	78	0	0	206	91	0	30	175	0	7	0	0	0	0	9	6	0	0	8	5	0	2	69	140	104	0	0	0	303	0	13	6	39	9	88	398	0	38	96	576	6	98	27	0	0	0	82	20	93	0	39	1	82	5	8	0	5	5	0	14	0	0	0	0	0	5	14	0	20	2	0	0	13	47	0	89	9	0	36	0	675	0	0	0	8	43	0	7	1	29	0	11	1134	51	132	0	2	0	0	80	0	203	167	0	133	61	9	0	12	0	0	108	34	3	14	81	106	0	8	0	311	0	0	0	186	25	212	724	10	496	0	105	14	73	0	119	0	9	41	76	24	0	0	61	22	2924	0	362
76	0	1226	19	0	317	3	1122	29	0	0	0	4	6	0	397	11	0	2366	0	45	307	9	52	673	0	0	0	17	5	23	0	0	94	0	92	120	0	0	65	0	28	0	21	83	14	0	3	190	182	208	13	224	0	125	1	11	0	37	0	42	23	0	0	0	0	50	9	30	35	54	38	0	0	90	243	48	0	0	0	0	0	376	0	0	0	51	7	5	0	0	0	0	0	0	0	0	0	0	8	0	0	0	0	0	0	2	0	8	8	22	67	0	0	70	12	538	127	50	0	7	7	7	84	7	0	38	8	679	41	112	5	148	11	71	0	0	298	18	19	17	40	0	19	14	9	0	22	0	0	4	14	0	14	0	0	88	1036	0	0	168	107	93	256	0	837	196	0	14	0	12	3	0	0	0	37	0	0	41	147	157	755	48	68
0	0	63	7	0	16	26	60	0	0	0	184	5	2	0	10	22	0	0	15	0	33	6	17	0	3	21	26	0	71	34	7	0	250	15	0	282	59	80	36	0	0	10	0	55	12	31	0	123	46	16	0	10	0	16	3	2	12	0	62	0	24	0	0	20	0	0	0	23	0	139	622	27	73	1146	607	38	153	30	1	0	4	47	0	45	0	91	0	15	0	6	10	0	0	0	23	0	14	9	10	2	0	0	0	2	0	16	4	1	3	62	18	5	2	12	0	137	31	17	0	0	2	0	1	32	0	165	152	1375	1703	0	9	28	0	0	39	60	28	0	25	18	0	18	0	10	0	16	14	85	0	10	218	117	58	24	44	36	0	0	4	0	43	31	110	0	69	12	0	13	0	17	15	19	22	25	30	7	0	0	9	14	98	0	60
294	0	55	0	9	133	77	144	6	5	0	0	223	89	63	0	4	0	830	0	6	94	27	106	53	6	0	0	0	61	0	17	873	294	139	839	0	0	0	0	0	0	0	154	0	45	14	5	0	101	1	0	1	0	0	7	0	0	0	0	0	0	0	0	0	7	18	2	0	34	29	237	0	77	49	666	464	29	12	0	6	0	221	0	2	1246	132	14	0	0	0	0	0	0	0	5	0	0	10	20	0	5	0	0	4	0	0	0	7	0	129	99	0	119	43	8	652	0	6	0	20	0	8	89	0	112	399	414	455	192	0	0	3	0	179	0	0	305	4	0	112	76	10	0	63	53	69	97	88	0	0	7	0	183	80	0	157	0	0	0	0	0	135	216	0	93	268	0	313	29	0	90	0	52	45	26	0	18	12	35	223	632	0	23
37	0	256	76	0	49	0	134	13	31	0	13	74	547	3	0	2	0	335	3	32	55	0	509	0	0	0	0	0	19	31	0	28	18	0	58	25	0	0	45	0	8	11	138	132	0	0	6	227	239	27	0	0	0	0	0	30	17	185	445	31	0	52	9	1625	3	0	6	87	4	431	328	0	30	46	37	1437	25	0	0	163	0	64	9	0	0	5	0	73	16	92	35	38	134	251	73	40	157	9	71	47	3	43	74	1368	0	157	10	0	297	277	63	8	5	0	13	752	91	78	14	19	12	0	11	0	0	0	57	13	29	25	0	0	0	69	20	0	134	0	18	15	16	0	7	37	12	13	0	65	9	16	32	0	1	0	9	225	0	0	200	12	21	30	53	31	130	125	0	34	0	29	17	22	28	36	13	9	12	11	48	307	433	39	14
0	16	289	3	0	130	62	495	17	1	0	13	29	0	0	47	12	90	0	9	4	123	46	352	0	5	0	0	0	0	43	0	61	0	176	0	122	20	0	22	0	0	0	3	11	0	0	18	2883	703	74	43	47	50	57	0	14	0	0	0	0	88	0	0	275	6	0	3	21	4	41	53	0	4	243	92	104	245	30	114	719	3	26	0	14	167	21	0	6	4	9	0	0	35	64	0	0	203	3	0	0	4	138	0	316	6	51	13	0	30	171	190	3	0	39	9	155	177	35	2	18	9	3	149	0	52	0	56	36	80	7	0	12	4	0	51	36	346	0	0	102	56	0	24	54	0	9	33	38	27	33	18	77	20	2	0	99	532	0	0	242	0	22	170	0	47	172	33	33	0	3	7	0	0	0	16	0	6	11	87	77	222	51	991
13	0	49	9	0	226	0	109	0	0	0	0	62	0	28	0	0	0	0	0	0	313	14	11	0	154	0	0	0	0	0	0	0	775	179	47	888	185	0	208	196	0	0	55	0	15	0	0	0	91	189	0	0	0	0	13	0	0	0	0	0	0	0	0	0	27	30	24	0	29	395	0	0	0	48	0	170	0	0	0	481	0	0	0	15	59	47	0	0	0	18	0	0	0	0	11	0	0	0	0	0	11	48	0	0	0	0	0	12	0	0	0	0	53	0	0	1249	0	0	0	0	0	0	19	0	0	408	42	146	230	0	0	0	0	231	47	0	94	56	0	0	0	0	0	30	0	0	49	0	0	0	0	44	0	46	0	106	0	0	0	18	0	18	200	0	194	143	0	11	0	68	0	0	57	0	0	0	0	0	45	0	460	0	8
0	39	168	19	14	275	19	368	27	0	0	0	219	8	13	103	3	44	0	11	12	268	20	181	6	146	24	0	0	0	21	6	210	35	0	92	86	32	0	0	28	0	31	58	104	16	0	16	188	179	36	5	93	0	17	4	12	9	242	52	31	22	1	0	227	20	1	2	37	5	162	434	190	62	359	226	220	565	15	4	120	21	0	0	3	0	129	11	44	8	73	5	6	9	0	74	0	0	0	32	0	2	0	0	92	0	0	0	6	45	72	72	8	7	9	7	679	108	20	0	4	10	10	58	5	58	293	126	1067	405	23	8	32	3	75	217	41	267	0	47	49	0	20	6	36	0	41	155	53	0	46	0	262	92	26	16	202	3	158	0	20	10	24	94	0	238	203	0	87	13	18	25	0	22	19	19	7	0	10	29	57	500	29	54
0	6	202	8	3	58	12	161	0	57	24	17	0	5	0	7	66	27	0	11	0	0	0	5	50	0	14	16	4	13	0	14	283	55	10	75	154	1	23	198	0	40	0	30	162	13	9	40	58	0	36	0	6	0	15	14	9	9	0	66	44	19	0	0	0	1	13	0	15	3	119	488	0	180	88	371	344	93	58	217	0	0	0	0	5	148	24	1	15	9	18	0	36	36	18	11	0	0	8	0	28	19	0	0	481	191	26	32	11	120	402	25	18	6	21	4	100	64	78	32	7	11	16	0	3	0	16	113	1505	0	70	18	42	0	96	98	0	79	0	106	9	0	22	0	14	7	9	40	102	38	20	239	502	2	45	21	123	86	0	407	12	0	0	117	44	237	65	0	66	12	39	136	49	65	77	84	53	42	15	46	34	346	0	114
13	0	236	6	8	74	0	218	7	64	9	23	65	21	188	0	0	0	0	50	10	0	0	20	0	0	14	70	0	0	15	0	146	21	42	0	217	324	39	46	3	22	0	8	37	0	7	0	0	103	64	6	48	0	11	86	90	17	17	601	36	18	114	34	0	6	21	5	102	8	77	477	0	0	58	241	260	52	17	331	0	0	27	1	289	0	104	0	145	28	55	0	19	111	0	13	600	0	0	41	0	10	28	104	930	0	57	98	14	304	218	83	3	0	31	2	132	96	9	0	19	4	28	117	0	13	0	24	217	0	62	15	0	0	46	83	0	39	14	9	0	39	14	6	15	21	35	0	12	10	44	0	117	78	20	65	169	410	0	0	0	46	139	288	7	45	143	43	0	0	14	47	56	52	19	75	11	7	29	113	45	123	40	78
0	37	154	15	21	65	188	301	13	35	0	0	18	14	23	293	82	0	0	0	11	168	0	169	164	132	15	23	12	0	0	17	757	0	44	196	239	0	58	0	23	14	33	124	152	5	11	12	0	13	111	0	0	30	0	10	0	0	0	0	0	101	0	0	864	0	7	5	25	95	140	131	0	17	187	492	361	428	17	31	0	0	0	0	2	33	18	19	0	20	23	0	6	59	47	0	4	0	34	21	0	5	174	0	487	0	35	0	9	23	0	147	17	0	34	10	1116	262	71	37	17	40	17	83	0	65	70	29	740	179	78	87	20	14	0	74	77	285	138	13	28	20	0	11	99	0	13	93	0	0	59	74	22	66	0	26	229	0	0	0	0	40	24	275	0	710	91	0	32	18	6	32	0	8	21	29	17	0	45	205	108	330	16	221
0	110	464	1	7	88	81	211	0	18	188	26	1	0	216	0	54	0	37	0	0	43	0	39	99	0	0	0	8	0	0	25	403	6	0	0	228	155	71	70	8	0	16	69	121	0	0	34	9	51	48	18	0	0	17	17	0	0	0	0	0	62	31	5	0	0	0	4	25	7	27	0	0	20	107	228	61	169	0	0	724	0	0	43	1534	0	58	0	18	10	0	3	0	0	0	0	3	0	14	0	23	14	0	0	263	60	0	0	17	27	0	0	17	33	22	0	330	13	269	0	0	0	23	15	384	0	61	110	1688	315	87	0	12	0	105	137	0	43	73	0	0	43	0	0	0	19	133	147	158	2	26	11	17	45	41	28	204	0	0	0	0	60	49	88	32	83	96	91	0	24	16	44	0	0	17	0	32	38	41	50	14	394	0	274
0	87	107	5	0	47	15	421	0	0	0	0	0	12	0	3	17	26	2	50	19	47	11	118	0	5	0	4	22	7	0	5	35	79	3	0	38	47	47	11	2	41	0	10	0	0	6	0	32	25	12	11	0	0	0	28	52	10	8	92	26	6	25	46	0	0	0	3	29	8	275	1015	49	217	15	341	76	82	0	32	37	70	0	17	11	10	11	0	40	0	36	29	46	38	101	14	244	24	5	10	29	0	45	313	504	67	0	15	2	276	45	67	21	0	1	19	122	0	30	22	12	20	6	32	0	336	0	18	92	74	52	122	29	4	0	21	0	410	0	99	131	143	5	0	15	12	0	19	16	77	22	45	0	11	7	11	71	58	51	13	0	100	271	478	0	35	49	26	15	287	27	160	0	10	52	18	22	2	15	37	104	293	0	52
0	80	48	0	0	92	62	109	0	83	28	58	0	55	62	0	4	0	3	0	2	3	0	40	33	15	343	0	0	0	19	175	99	34	73	209	192	349	0	69	0	0	26	137	170	20	9	32	19	15	20	0	201	0	0	0	0	0	198	56	0	41	9	0	0	1	10	0	0	2	146	223	0	11	267	281	418	308	54	143	0	0	105	475	14	36	36	20	27	0	11	16	23	20	29	0	5	43	0	24	0	4	69	0	155	0	0	0	14	66	17	49	8	6	35	19	189	162	24	0	0	6	44	7	269	9	31	241	128	149	42	0	0	0	3	69	0	59	34	0	37	0	12	0	22	0	45	283	289	15	21	287	500	42	144	272	62	650	6	596	0	0	45	196	0	22	16	0	135	69	9	94	39	27	64	46	70	28	14	62	7	325	0	238
0	0	436	0	0	64	0	209	0	78	42	0	3	6	11	0	3	0	846	0	16	58	26	0	0	0	43	141	30	0	0	0	564	0	1	27	163	0	0	17	46	70	0	0	256	79	54	33	0	0	0	0	0	0	0	0	3	0	0	72	0	8	0	0	0	5	20	1	61	2	124	355	179	49	118	175	109	107	68	47	0	0	0	0	324	3	6	0	154	7	28	23	38	128	71	0	0	0	0	9	0	19	27	10	186	0	14	6	9	362	237	34	7	0	12	33	415	65	0	0	9	4	1	20	0	89	35	26	1447	33	28	5	0	0	8	0	6	67	0	19	19	0	0	4	13	0	0	65	242	0	23	162	46	23	0	22	26	1152	0	0	0	40	6	207	32	32	63	0	0	0	21	34	37	18	20	14	22	8	2	4	18	161	0	66
15	0	121	0	0	44	157	56	0	36	0	0	17	0	8	0	4	4	0	6	4	8	20	0	0	426	67	476	0	0	0	68	245	170	0	518	0	0	0	0	0	2	0	98	537	3	0	33	0	0	13	4	28	24	1	0	0	0	104	68	33	0	7	0	0	2	8	0	4	2	79	141	26	157	299	231	75	85	13	8	0	0	36	50	0	168	12	0	63	0	35	21	26	2	0	31	7	17	3	6	3	6	0	92	90	87	67	13	12	131	97	19	13	0	83	3	39	101	0	17	10	3	8	2	69	0	187	145	379	320	19	0	35	0	119	22	10	19	72	0	26	0	0	0	12	25	0	78	492	30	27	278	0	69	60	0	24	145	6	106	0	0	0	63	8	32	11	0	150	4	22	166	83	42	64	53	11	0	0	14	9	160	0	18
0	0	188	8	6	66	0	160	0	13	20	40	24	0	95	0	16	183	5	13	7	5	0	109	0	81	4	0	0	0	0	5	12	20	0	108	64	0	0	31	2	0	10	4	9	3	13	2	620	94	11	5	10	0	16	3	3	0	193	60	66	23	89	25	17	1	17	7	152	3	37	566	0	56	237	110	96	88	0	36	79	74	184	45	0	47	40	0	54	8	44	5	13	23	6	56	25	32	0	18	19	0	0	51	374	4	14	1	0	41	39	22	9	0	0	6	137	16	58	0	11	8	13	33	0	10	23	114	117	1428	15	0	8	19	0	8	0	250	0	3	17	13	0	0	27	0	28	64	692	41	14	70	89	52	28	105	170	384	0	590	29	17	0	26	19	150	32	15	72	7	37	39	19	31	28	45	20	23	8	45	22	340	12	159
30	0	79	38	7	126	0	119	13	0	0	67	47	66	10	0	5	0	0	0	3	82	35	64	0	2	0	3	14	0	98	3	125	0	30	67	0	0	0	0	18	10	0	7	28	10	0	9	18	26	0	0	0	0	0	13	2	0	14	15	0	28	33	11	0	15	0	4	15	0	367	480	82	23	504	163	124	219	14	84	0	9	177	4	64	0	6	0	0	4	22	0	0	0	0	31	154	12	18	9	0	0	37	0	410	0	0	10	10	18	205	91	10	70	0	3	282	108	35	7	13	4	0	69	249	50	69	81	40	439	20	0	52	4	87	137	31	116	29	98	12	0	7	11	58	47	13	21	34	25	35	0	150	381	45	104	161	0	0	344	84	0	0	31	28	66	57	0	58	16	33	60	33	48	47	49	26	22	5	33	8	268	15	24
24	0	57	6	0	0	61	15	0	8	0	8	0	6	19	0	0	7	0	27	2	0	0	0	6	10	43	52	0	10	66	27	73	58	17	108	0	92	48	51	14	16	0	0	241	7	32	10	14	17	2	8	6	0	1	0	8	10	397	518	30	14	38	7	0	3	0	0	12	0	101	247	0	41	170	54	30	78	8	0	0	70	0	56	92	0	25	0	55	4	26	0	3	20	11	22	150	0	7	4	4	0	0	282	95	20	85	6	13	65	43	24	12	11	11	2	39	38	13	7	5	0	4	34	239	98	21	112	55	677	10	0	10	0	112	28	0	26	2	87	0	0	24	7	0	0	16	133	452	3	12	42	21	147	25	0	75	50	0	0	0	0	0	5	18	8	5	0	0	17	29	43	0	38	58	13	8	5	0	12	0	59	0	24
0	0	269	2	0	16	0	10	0	0	0	26	1	8	5	0	0	0	0	18	9	90	17	27	0	96	0	0	17	27	461	13	14	86	0	990	0	0	0	27	0	0	23	33	0	11	47	0	133	0	26	4	0	35	0	1	3	6	190	486	61	15	236	346	16	16	0	0	124	167	57	112	15	0	24	38	18	61	8	98	1502	14	0	4	21	0	9	0	137	7	30	0	21	0	0	12	13	6	0	7	60	4	0	0	304	0	35	0	2	307	91	33	1	0	9	6	91	0	32	5	5	0	0	52	3	81	0	598	0	16	0	5	0	0	0	144	34	129	0	0	19	0	0	4	0	0	9	14	0	228	10	0	51	21	0	3	0	156	0	0	0	0	0	6	0	6	14	0	0	2	9	0	0	5	0	0	0	0	7	13	6	43	29	7
0	0	5	6	0	4	0	21	4	4	18	0	0	0	7	0	0	0	0	9	4	3	0	6	0	97	81	0	0	21	0	768	226	24	6	2328	0	214	0	114	0	65	0	415	35	31	25	58	32	0	16	5	69	27	5	0	18	22	320	94	50	17	469	350	20	30	10	6	44	292	22	40	17	5	0	4	35	25	0	118	0	135	10	0	111	5	0	0	70	36	61	12	8	51	9	0	11	0	8	0	4	2	0	70	333	0	0	20	30	91	9	8	0	0	30	0	0	0	0	2	4	0	6	3	0	0	0	21	0	0	0	0	0	0	0	0	2	11	14	0	0	8	0	0	4	0	0	0	0	1	0	0	74	20	0	52	0	2	0	0	2	0	0	0	0	1	0	0	0	0	34	22	0	5	7	12	0	0	0	0	22	29	0	42
0	0	58	0	0	101	0	31	0	32	0	0	0	0	0	0	11	0	0	0	2	0	0	0	144	25	0	0	0	8	0	53	439	0	2	729	47	111	0	121	42	8	14	40	145	0	62	0	185	60	58	0	9	0	3	23	0	0	1	0	83	0	0	15	47	6	5	0	1	8	146	173	21	0	150	90	224	74	0	0	0	347	37	0	267	0	5	6	15	5	0	21	14	0	0	482	15	54	4	0	0	0	26	0	0	0	0	0	12	139	107	27	10	0	7	4	75	47	8	0	16	3	3	39	530	42	40	60	102	214	20	0	39	0	31	15	0	18	5	0	41	32	0	0	8	0	2	36	224	0	18	9	0	52	71	128	75	424	0	11	8	10	0	12	0	7	0	9	12	0	33	82	20	0	20	67	18	0	0	6	5	85	0	46
0	0	68	0	0	16	77	15	0	62	0	0	0	0	3	0	0	0	471	0	0	0	0	0	0	0	284	61	0	0	0	0	0	148	15	252	348	19	63	0	0	0	0	0	133	0	0	0	2	0	0	0	0	0	0	16	0	0	0	0	0	16	0	0	13	3	0	30	11	2	116	0	0	0	0	348	106	16	0	30	0	0	53	0	62	0	15	0	0	5	0	13	0	2	0	0	33	10	0	0	0	0	0	0	163	124	110	0	13	81	0	15	0	9	2	0	10	24	5	8	0	0	0	9	0	26	105	0	50	265	11	0	48	5	0	0	0	39	0	0	2	0	0	0	9	0	55	543	0	3	0	59	37	58	26	0	59	811	0	0	9	0	0	4	0	0	6	0	0	17	93	0	0	53	63	65	129	19	4	5	8	92	0	27
0	10	795	109	4	176	0	613	22	34	0	10	115	112	0	10	0	13	0	4	31	31	12	257	0	17	0	6	11	10	0	0	37	30	0	0	12	47	0	8	2	24	0	6	288	36	6	1	50	32	30	28	4	0	0	4	33	11	23	6	0	9	60	7	110	19	0	0	68	5	327	390	0	50	39	55	1197	429	109	9	19	425	0	42	167	0	29	0	27	17	31	52	24	15	23	364	21	0	15	7	0	21	0	0	808	30	17	24	7	42	305	132	0	0	0	14	309	39	150	22	55	39	21	2	16	131	11	58	118	60	41	52	0	24	50	75	0	675	0	0	60	0	0	32	58	0	7	194	112	5	39	20	81	4	4	0	172	796	0	58	13	22	7	35	0	180	116	30	29	0	14	23	8	0	4	23	0	0	10	45	163	203	77	272
0	0	77	0	0	72	0	21	19	0	0	0	47	6	26	0	44	0	0	0	1	4	0	8	37	4	0	0	126	0	0	98	465	499	0	0	3100	0	350	0	16	10	12	259	0	0	126	43	0	4	5	0	1	0	0	0	0	0	0	0	0	0	3	11	0	0	3	0	7	0	103	325	0	0	407	132	90	0	0	1	2	0	0	0	2	527	18	20	17	0	24	0	14	0	0	0	253	0	0	3	0	24	23	0	90	268	332	127	65	5	1	0	0	5	22	0	239	0	0	0	0	0	0	0	0	41	727	397	621	0	0	0	53	0	0	0	0	0	13	0	22	0	0	0	0	157	75	241	11	0	0	167	0	336	327	0	147	0	0	0	0	0	15	14	132	21	10	0	0	0	44	0	225	258	0	0	0	0	0	0	6	118	0	0
12	0	32	0	0	19	0	68	0	0	0	0	0	26	0	1	0	0	0	2	0	20	12	0	0	287	126	298	0	0	0	0	1437	0	2677	5570	0	0	0	0	0	24	0	87	414	41	0	45	0	12	0	0	0	0	0	10	0	0	0	0	0	0	2	0	38	61	11	425	1	5	143	344	0	0	38	23	22	50	0	11	196	36	13	0	0	110	12	0	11	0	9	18	23	0	0	95	0	0	7	4	0	4	0	18	0	206	30	0	49	52	12	6	4	20	178	2	49	15	4	0	0	0	0	2	0	11	28	27	154	70	0	0	4	0	47	0	0	7	6	0	0	11	0	0	4	0	17	12	27	0	0	12	61	68	92	103	2176	0	0	23	0	0	0	50	0	0	2	0	111	0	0	153	19	0	0	34	24	5	0	6	0	26	0	55
0	0	51	2	0	19	0	65	0	0	0	0	24	61	11	0	0	10	0	29	3	28	5	22	0	22	25	0	0	24	0	19	35	19	0	28	141	168	18	12	6	15	0	0	8	26	11	12	13	0	5	3	18	8	0	3	24	12	30	1123	0	0	28	10	0	0	0	0	6	3	135	530	0	12	387	179	49	50	12	101	0	207	108	18	0	0	3	0	55	6	23	0	28	2	131	0	32	6	17	1	13	0	0	111	307	217	55	35	1	60	236	21	11	0	0	8	28	28	7	2	10	0	5	23	67	47	120	12	419	250	2	0	0	0	55	74	0	47	0	0	12	0	0	0	9	5	10	0	20	75	24	84	0	16	44	24	16	7	355	3	0	0	0	0	6	0	6	0	14	7	25	28	9	25	22	14	8	8	0	22	5	43	16	41
0	59	408	9	13	102	12	329	0	18	4	0	10	49	0	22	6	0	0	23	0	7	0	30	0	5	19	23	0	0	0	0	16	8	6	28	15	77	9	11	2	0	0	0	75	13	0	0	114	144	78	0	193	0	23	14	12	16	1613	54	75	25	20	2	90	9	0	2	8	2	272	1133	0	44	445	275	398	213	46	32	439	0	2	72	85	0	19	18	70	6	16	10	24	22	0	80	52	35	2	13	30	10	0	0	334	74	0	7	16	71	255	90	7	0	63	11	500	60	166	20	30	15	103	69	0	131	19	48	217	483	32	11	25	4	0	138	0	195	0	75	33	35	13	15	102	25	0	23	244	25	19	50	19	12	28	16	559	322	88	0	56	56	121	455	0	522	23	31	132	11	9	23	0	15	22	53	15	0	10	43	121	418	53	309
108	0	362	10	11	930	0	361	60	38	14	0	10	6	26	0	268	0	145	0	23	20	0	1	6	41	189	82	88	0	258	0	309	87	0	323	65	44	0	108	0	79	21	0	0	0	30	46	0	29	12	0	0	0	0	15	2	0	19	20	39	0	1	2	0	0	20	4	17	0	217	171	0	15	50	431	165	107	0	0	3	0	0	0	0	0	73	0	14	0	7	0	0	0	61	0	0	0	0	0	0	11	7	0	0	0	10	7	11	2	37	207	7	0	58	14	288	0	0	0	22	0	93	0	0	301	172	157	1205	0	108	18	75	7	523	231	0	292	0	0	66	75	4	0	28	0	43	128	62	10	20	42	39	39	0	0	200	0	489	0	0	36	239	469	0	928	264	0	0	13	8	48	11	0	6	28	10	9	61	205	161	1119	0	1424
0	29	217	39	11	117	106	403	14	0	11	8	74	22	58	486	43	106	0	14	15	170	320	15	0	664	118	0	0	21	35	16	296	93	5	0	155	22	17	66	0	11	0	32	67	4	5	0	117	18	43	4	95	0	26	0	4	7	69	268	0	45	4	29	0	1	0	4	53	6	162	223	61	41	185	83	171	315	116	0	368	66	0	0	22	468	86	8	183	14	17	16	8	0	0	163	25	55	13	42	0	2	0	0	0	136	39	21	0	24	22	166	9	52	139	7	208	147	62	15	27	8	10	282	0	60	53	187	224	127	41	0	0	7	66	180	92	233	54	20	88	0	8	5	43	0	48	14	508	6	25	37	18	13	12	10	182	0	348	472	0	12	16	65	0	293	0	9	29	0	24	26	0	8	16	17	10	0	13	89	157	498	60	403
0	0	490	10	29	146	144	416	41	8	13	90	28	34	17	23	6	233	0	0	7	0	0	79	9	0	0	0	0	15	0	18	127	0	0	87	12	0	4	0	0	0	0	0	99	0	0	0	115	0	79	34	0	0	0	0	3	15	19	25	47	26	3	1	0	5	0	12	32	10	59	698	85	31	84	166	552	561	77	12	0	287	0	0	37	0	120	8	12	0	0	0	2	0	10	15	0	0	8	0	74	5	57	0	0	0	14	0	6	5	225	116	0	0	58	18	652	178	141	71	32	23	11	35	133	50	57	168	1186	313	180	24	181	19	171	249	25	428	0	5	152	0	0	0	157	0	16	133	31	11	16	7	0	20	0	1	155	0	0	0	104	111	0	192	0	1002	371	194	6	0	0	3	0	0	0	0	0	0	54	120	302	1125	0	107
0	94	286	5	0	146	2	438	21	44	0	0	90	45	97	21	34	0	2	0	16	39	4	9	0	6	0	2	82	0	31	61	119	0	280	0	457	0	73	178	263	0	18	43	0	17	0	16	293	101	187	0	0	0	0	12	0	0	0	3	0	0	0	0	0	2	32	9	20	16	464	274	0	0	183	327	716	220	0	0	550	0	0	0	5	497	64	5	0	0	0	8	9	0	0	84	0	0	0	0	0	0	86	0	69	0	60	0	7	1	201	138	0	0	45	8	1267	28	252	0	22	0	12	71	0	28	156	133	339	42	38	0	60	2	147	237	121	162	148	0	92	61	0	0	24	0	0	8	21	0	0	14	0	35	0	3	0	12	0	78	0	0	121	899	0	181	200	12	25	0	214	0	11	0	39	27	0	0	16	100	15	1526	0	188
0	6	254	9	6	223	0	176	0	4	0	0	1	0	11	0	6	0	2	0	14	1	0	0	241	674	30	0	0	0	340	0	25	9	0	67	210	0	0	8	17	64	0	57	27	0	0	14	1406	164	564	0	289	0	16	10	0	0	1	0	0	37	39	123	0	46	8	8	0	70	20	52	0	0	0	268	136	82	0	0	0	1184	0	0	0	0	21	2	1	0	98	0	8	15	0	26	79	13	71	132	0	5	25	0	0	0	0	0	48	44	54	0	0	5	8	0	102	6	16	0	0	0	15	62	5	12	0	0	8	42	0	0	90	6	22	59	0	42	51	77	39	37	0	0	12	0	1	0	34	0	7	0	27	0	0	0	0	362	0	0	46	3	123	128	0	1298	195	126	0	0	4	4	0	0	0	0	0	0	26	153	342	619	0	104
9	0	180	20	6	58	15	151	3	3	0	40	0	9	10	0	3	0	0	22	2	0	0	11	104	6	0	0	7	2	0	6	0	2	0	24	13	0	0	0	0	20	0	0	0	0	1	0	15	0	45	3	61	18	9	0	22	14	0	47	110	26	48	7	0	0	0	0	110	1	311	935	0	46	21	148	210	245	33	168	305	241	17	26	39	8	5	0	90	6	43	0	25	21	17	18	58	57	4	12	25	9	0	42	617	22	23	33	0	171	89	71	3	0	10	9	69	0	26	19	43	4	42	2	10	20	19	84	229	113	30	27	0	0	0	183	0	193	0	0	9	0	5	15	10	0	105	22	187	0	32	86	0	38	5	9	90	228	9	10	10	0	0	36	0	195	67	0	33	61	24	7	0	23	20	34	21	9	11	21	41	237	0	211
0	47	285	16	0	30	72	250	24	12	57	0	72	0	0	35	34	35	0	0	14	4	26	0	0	0	0	0	11	0	0	0	235	0	0	0	251	0	1	0	0	26	0	3	11	0	29	17	129	16	82	29	0	7	0	3	1	32	362	260	11	39	2	15	300	6	0	0	10	8	58	1090	99	27	55	47	182	84	25	18	601	0	0	31	45	0	0	14	155	6	29	19	22	0	68	9	52	0	28	0	28	0	41	0	805	0	18	0	4	201	134	152	0	6	0	8	108	32	75	15	20	11	11	5	807	33	96	20	635	22	50	0	36	4	37	64	96	162	0	0	49	0	0	13	24	11	7	206	74	97	3	36	11	26	0	0	147	199	113	212	0	37	66	150	0	281	58	22	10	4	7	11	17	10	9	31	10	0	37	75	64	273	27	593
0	0	87	1	0	175	120	78	15	12	30	0	68	0	113	0	12	4	0	6	4	99	24	45	0	0	0	0	0	0	0	69	0	0	184	0	0	892	0	0	17	0	0	37	0	7	10	13	0	40	25	1	0	0	26	0	3	0	149	136	0	36	65	39	0	11	0	0	37	3	156	771	0	22	753	59	324	403	113	0	0	0	108	60	0	0	64	0	219	7	48	28	0	6	33	64	32	0	23	9	31	22	42	0	0	162	83	0	4	10	364	53	7	0	22	14	106	133	0	2	18	8	6	92	10	32	244	8	257	334	18	0	26	0	21	39	0	110	17	4	37	0	0	0	17	0	5	631	205	6	0	136	24	1	135	98	470	0	0	174	0	0	0	32	108	122	43	0	15	57	12	43	11	51	14	158	31	27	6	25	42	463	0	24
0	16	711	0	0	103	23	103	257	0	192	0	0	0	0	1	43	787	0	0	14	0	0	0	401	14	0	54	0	0	40	3	46	56	0	656	222	0	0	53	37	0	0	131	359	2	15	27	0	347	292	48	53	68	33	3	0	0	0	10	0	0	0	0	0	12	9	3	70	4	79	141	8	0	16	50	5	27	5	0	1	197	191	0	73	0	21	7	0	9	9	0	0	0	0	0	0	0	50	0	92	12	234	267	0	0	0	0	46	49	0	318	0	106	0	0	4	0	0	0	0	0	0	0	0	11	32	289	67	0	63	0	0	5	355	15	31	397	351	0	125	18	0	26	0	0	23	4	51	0	35	0	0	0	0	0	0	0	0	0	0	0	0	3	0	258	360	292	0	0	0	12	0	2	0	94	0	0	41	85	19	2108	0	679
62	0	50	9	0	843	0	372	23	225	0	0	317	0	0	229	0	0	391	0	150	244	83	79	0	3	0	9	0	16	0	0	40	0	2	139	71	0	0	117	0	5	0	0	10	0	1	0	0	300	284	37	5	0	48	86	0	0	0	0	0	24	0	0	0	3	0	19	0	2	78	155	0	4	0	268	0	1379	0	0	2	1	0	0	0	0	7	0	0	13	0	0	85	0	0	1	0	0	4	0	0	6	28	0	0	0	0	0	29	820	0	103	3	0	3	4	206	2	76	4	62	51	8	0	0	2425	0	6	219	0	16	0	0	32	0	9	0	78	1	0	68	26	12	10	0	0	14	53	0	0	0	0	21	56	0	60	19	0	0	0	0	0	166	241	0	783	322	213	0	0	0	11	17	97	9	49	0	0	61	137	84	148	32	85
63	0	202	6	4	60	4	237	18	0	0	10	48	13	0	4	28	0	3	0	2	126	0	139	1	6	0	63	0	41	0	0	99	0	0	0	29	143	0	12	0	0	0	1	20	1	0	6	59	88	5	0	306	0	0	6	0	0	24	25	24	12	0	0	1409	0	0	0	37	0	76	827	0	117	645	288	234	69	41	0	10	2	96	72	0	45	101	0	3	0	0	0	0	0	16	0	0	0	5	0	53	0	0	0	0	0	0	0	0	2	14	56	9	56	75	11	508	293	28	0	2	25	5	0	0	35	754	370	3407	0	345	0	44	5	8	216	35	526	12	0	63	126	0	12	11	5	6	9	14	0	34	8	18	109	2	3	154	0	0	274	28	60	42	96	0	703	125	83	35	4	44	57	0	0	19	58	20	8	19	114	121	374	24	690
223	0	1314	38	14	114	102	501	8	0	0	159	113	0	38	9	0	158	667	0	8	148	0	6	4	3	44	12	0	0	0	19	61	20	0	0	65	103	0	33	8	0	25	7	74	2	10	11	207	0	210	0	339	0	23	2	0	0	0	0	92	16	10	5	317	0	115	8	8	31	42	145	26	0	0	36	265	116	22	18	0	520	0	0	0	0	23	0	0	13	22	1	37	0	0	80	0	0	0	0	0	2	26	0	0	0	37	0	16	319	2	78	0	24	74	0	20	235	83	0	0	15	0	331	0	9	0	35	25	179	0	0	0	0	257	165	246	64	15	0	35	37	0	0	39	0	0	13	0	0	0	0	4	30	0	0	13	0	0	0	0	0	111	34	0	1113	163	163	38	0	2	0	0	0	5	3	5	0	5	118	219	1349	0	298
0	0	480	0	0	425	0	0	0	0	0	0	62	3	48	15	83	0	1032	0	20	0	0	0	11	0	0	0	11	0	8	36	981	0	0	810	0	0	0	0	0	0	0	75	137	1	0	51	0	10	95	0	0	0	0	22	0	5	0	0	0	58	0	0	0	0	15	102	0	7	200	165	58	37	118	372	221	339	10	0	0	0	0	42	0	680	135	0	6	0	23	21	18	0	0	245	0	0	14	0	0	8	0	0	3	474	48	0	34	88	117	71	0	0	0	0	0	174	190	0	44	0	0	162	0	38	45	14	252	184	0	0	0	14	129	0	0	0	20	0	60	43	0	0	38	43	0	12	18	0	0	38	42	0	52	0	239	0	0	0	0	0	382	564	0	710	0	166	83	0	0	27	0	0	0	79	9	0	52	158	30	1593	0	441
105	0	427	13	0	235	27	461	0	44	0	0	63	78	0	5	31	0	0	0	38	122	4	304	551	162	0	74	15	298	0	51	1010	0	51	1766	0	0	0	36	0	0	0	339	27	110	0	47	213	435	1	0	2	0	0	18	38	0	0	20	0	60	0	0	0	8	22	15	11	56	44	392	62	3	50	182	381	115	8	31	0	388	0	0	0	100	13	1	0	0	0	44	18	0	12	45	0	0	2	0	0	10	0	0	0	0	0	0	38	0	130	0	1	2	0	0	502	9	78	4	0	13	10	0	0	40	24	14	0	16	9	0	8	26	0	0	134	0	9	0	15	0	0	0	34	31	0	19	32	0	6	0	40	16	1	3	1	3	2	0	0	20	14	74	0	434	286	45	10	5	6	3	0	0	0	0	0	0	23	177	36	1521	0	122
146	0	163	3	14	98	129	412	12	0	16	35	214	375	160	0	66	2	21	12	17	176	0	1340	3	378	0	0	22	0	0	13	306	44	9	91	820	348	0	60	2	18	29	48	78	31	2	4	15	234	146	45	301	82	108	5	9	4	110	362	83	18	5	340	0	26	0	11	30	280	7	141	0	4	49	65	149	127	62	162	68	2	255	9	0	85	7	21	58	14	170	31	19	0	162	42	214	0	23	66	0	5	23	0	582	0	15	0	4	50	101	245	9	45	59	6	12	34	20	23	15	6	9	50	0	8	11	3	14	0	52	11	29	6	17	136	17	80	177	0	12	5	0	0	5	0	0	0	21	0	12	7	0	29	0	11	3	9	5	35	0	0	51	984	0	211	187	1	5	1	10	27	0	1	11	14	0	0	34	158	203	33	45	558
0	0	0	0	0	139	97	0	77	0	0	0	0	185	0	6	0	0	409	0	5	172	40	228	0	3	0	0	25	12	78	50	750	215	0	736	0	443	1048	0	0	0	14	9	99	11	0	0	0	138	34	0	0	0	0	23	0	0	0	0	1	0	0	0	0	0	15	0	0	0	253	0	0	0	1809	0	0	628	0	0	119	0	0	0	153	74	328	0	0	0	0	19	0	0	0	0	0	0	0	0	0	0	28	0	0	0	0	0	6	0	2	0	0	0	0	0	528	0	0	0	0	0	0	0	0	63	738	253	0	1349	0	116	63	0	0	167	119	0	0	0	0	0	0	0	37	0	0	219	0	0	0	11	15	302	54	0	0	224	0	0	0	99	265	76	0	0	0	0	27	0	0	78	20	0	95	0	22	0	0	25	0	803	0	0
272	0	1655	0	0	422	0	669	0	0	0	2	4	0	263	368	747	0	0	0	0	22	0	0	0	564	0	0	0	0	0	0	21	0	1	0	9	0	7	0	3	0	0	0	0	0	0	0	0	0	207	0	0	0	0	11	0	0	0	5	0	0	0	0	1	0	11	0	1	0	0	106	0	0	0	349	753	3	0	0	1	1	0	4	0	32	34	0	2	0	1	0	0	0	0	0	0	0	0	0	0	0	1	0	0	0	0	0	0	0	0	65	0	0	163	0	648	0	0	0	0	0	0	0	0	0	429	18	0	365	0	322	0	0	0	0	0	2546	537	0	286	286	0	0	0	0	0	3	0	0	0	66	51	37	0	0	0	0	1	0	356	102	0	96	0	109	110	355	0	0	0	43	0	0	0	0	0	0	0	0	0	2050	0	238
0	0	287	10	6	123	391	141	8	4	0	43	119	63	36	0	3	0	0	21	6	146	31	165	0	0	0	0	0	0	0	0	74	100	124	0	0	129	141	46	166	49	0	0	0	7	16	6	0	98	115	0	3	0	0	0	5	0	107	279	51	0	0	3	189	6	0	0	34	2	50	451	0	0	252	232	248	63	49	78	624	0	0	41	12	15	75	0	98	8	136	36	24	34	0	242	445	0	6	6	48	15	0	125	423	123	325	0	9	45	297	81	0	10	10	14	273	20	54	29	4	8	9	15	38	22	430	79	878	49	43	10	27	5	207	39	0	316	21	0	24	13	35	0	26	0	27	80	157	0	9	155	60	97	4	104	170	73	30	470	0	0	2	28	31	249	16	12	73	8	28	10	60	27	31	44	24	15	18	17	26	309	0	55
219	0	539	3	14	121	0	889	80	0	0	0	0	0	0	57	0	0	0	0	0	30	0	1	0	20	0	0	82	0	0	316	287	0	228	1308	0	378	0	0	0	0	0	0	65	0	1	5	1188	0	8	0	5	0	0	40	0	0	0	0	0	0	0	0	0	4	23	12	0	19	340	0	0	0	0	0	104	187	0	0	3	0	1	0	0	0	203	0	0	0	0	0	0	0	0	0	0	0	27	0	0	3	0	0	0	0	0	0	52	0	0	51	7	0	70	0	352	0	156	0	7	0	0	0	30	35	638	25	3953	0	245	0	0	0	97	223	30	109	20	0	0	116	0	0	28	0	10	8	0	0	0	0	0	102	0	0	0	2	0	0	0	0	346	370	0	261	53	138	0	0	13	188	0	27	0	122	10	9	62	124	0	1351	0	71
0	21	54	8	0	105	0	649	5	0	122	8	206	138	0	45	6	0	868	25	39	102	78	495	0	80	0	0	0	12	33	22	83	22	24	71	29	0	0	10	12	9	3	0	66	32	9	3	129	337	377	35	549	113	7	7	13	0	33	91	40	0	58	51	223	0	15	9	39	17	4	19	0	0	6	60	60	272	18	210	83	0	477	2	0	0	19	4	42	20	15	0	0	49	38	0	758	0	4	18	0	6	28	24	868	0	3	0	22	34	31	40	0	0	6	4	189	0	3	8	1	0	5	16	179	17	0	8	93	20	29	0	9	7	88	87	0	373	20	12	24	12	0	3	3	0	1	0	66	31	21	13	0	5	0	1	15	62	29	8	100	0	0	62	23	281	53	83	0	0	0	0	0	0	0	0	0	0	11	17	6	96	0	100
32	0	418	23	6	35	8	277	7	0	0	10	230	26	0	52	21	92	0	10	8	485	156	286	0	6	0	0	0	0	0	202	0	775	0	0	0	0	0	0	40	0	0	0	216	11	8	0	100	39	168	27	80	0	0	0	13	0	0	3	36	51	19	0	469	10	0	0	50	7	38	415	100	14	37	69	1787	520	0	1	764	0	0	41	29	31	82	15	322	34	10	0	0	20	0	18	0	6	49	0	52	7	0	7	21	0	5	2	0	34	132	151	3	10	36	13	425	186	236	0	14	14	0	4	191	149	113	51	1944	360	90	0	0	0	216	134	191	214	31	23	49	11	0	23	30	0	105	0	130	5	41	0	5	7	13	0	81	0	0	0	0	0	37	64	0	112	64	33	25	0	18	10	0	0	2	41	0	0	21	58	38	540	0	75
103	0	138	5	0	96	0	237	0	5	61	19	0	0	112	0	34	76	9	74	17	0	0	28	153	12	30	25	0	18	0	37	87	24	25	381	82	16	0	27	9	21	0	67	67	7	17	0	55	37	49	0	200	40	28	21	16	5	0	0	52	10	178	124	180	0	0	3	150	5	90	388	0	29	19	176	113	59	23	177	0	558	288	12	0	13	34	45	64	35	33	1	51	93	76	21	100	29	0	0	43	12	0	104	1116	0	46	42	19	129	105	12	5	0	22	8	218	0	126	42	20	12	55	35	7	19	0	6	263	0	99	0	5	15	45	0	6	175	0	32	42	19	7	4	0	0	7	97	208	38	37	47	38	13	3	15	162	359	3	42	0	0	49	101	25	243	85	70	0	0	11	21	11	15	42	57	21	5	14	40	46	41	0	153
34	0	73	2	22	88	0	293	15	0	0	48	5	0	0	27	0	0	8	0	59	360	0	0	239	64	27	0	0	8	0	18	10	45	53	121	0	0	0	23	0	0	0	42	235	15	10	4	3	0	61	0	29	0	15	0	14	0	131	133	0	7	140	36	0	9	6	1	50	42	34	43	0	21	9	33	2472	59	0	19	0	4	121	9	548	0	8	2	90	17	62	54	12	13	0	5	481	141	4	2	0	5	182	48	562	817	50	0	1	44	16	38	5	3	20	6	3	7	11	1	5	13	35	193	7	105	0	3	410	0	6	0	0	3	0	37	0	101	0	7	7	0	0	0	3	17	11	0	7	41	12	24	78	3	0	10	20	10	0	60	4	0	0	65	5	63	181	37	0	15	0	0	0	9	0	2	5	0	11	18	36	190	0	10
0	174	514	14	12	137	106	383	45	73	0	0	6	0	32	473	0	0	294	0	0	12	0	5	0	0	0	0	19	0	0	106	121	113	775	0	146	2053	0	134	0	0	0	5	0	0	0	10	153	45	50	0	44	0	0	8	0	0	0	0	0	12	0	0	0	14	11	29	0	2	190	952	0	0	42	1631	365	424	70	0	0	0	131	0	0	0	0	0	8	0	0	4	0	0	0	9	0	0	0	0	0	1	56	0	0	0	0	0	6	0	116	37	6	0	7	1	720	0	77	0	8	15	50	0	0	14	82	263	68	804	0	0	88	0	0	0	86	0	62	0	90	35	25	0	31	101	94	0	7	0	0	198	44	107	0	0	78	0	0	0	374	65	4	181	0	340	84	0	38	0	87	0	19	0	0	244	44	13	12	92	141	356	20	315
7	0	92	5	0	53	0	98	0	0	0	0	23	29	0	2	0	0	0	16	3	2	0	80	35	7	0	0	0	0	0	0	15	0	0	0	14	0	0	6	10	0	0	9	35	2	0	5	270	13	34	0	0	0	0	0	11	0	35	27	0	16	27	14	0	1	0	3	37	2	212	440	0	26	109	388	94	84	20	18	0	73	161	0	2	211	3	0	56	6	73	0	23	7	29	0	0	0	0	17	0	0	0	26	68	3	11	5	3	73	84	28	9	0	25	4	400	18	0	0	26	0	0	15	11	0	135	152	739	768	9	0	20	5	119	68	0	137	4	0	0	23	9	0	47	5	0	262	30	0	26	33	36	48	15	0	32	182	175	0	17	0	0	0	0	63	18	30	12	0	23	0	0	15	0	0	0	0	0	13	31	363	36	53
0	21	231	8	18	617	244	604	30	0	0	15	239	358	85	271	52	147	0	0	14	466	323	192	0	3	0	0	0	0	0	0	82	64	0	0	105	297	78	0	0	0	0	0	110	0	0	0	72	125	162	36	1	24	108	1	0	0	584	953	0	46	0	2	0	6	0	0	73	0	60	177	0	54	65	157	58	702	10	0	463	0	0	48	0	11	7	0	37	6	27	12	0	29	26	258	14	0	12	0	0	7	0	0	36	29	46	0	0	2	21	155	0	0	79	14	914	112	119	27	0	40	40	319	0	32	601	0	236	393	44	22	84	0	75	172	117	211	0	24	27	8	0	26	34	3	20	18	14	0	0	10	17	53	0	33	185	643	0	101	0	80	81	181	0	311	257	129	104	3	7	5	0	8	28	39	18	0	59	127	73	520	0	144
0	13	148	23	6	83	14	86	16	0	0	2	42	0	213	11	19	0	5	0	7	257	0	17	115	3	0	0	14	0	77	8	703	0	26	1328	0	155	0	0	10	33	0	44	351	25	0	41	78	13	42	0	1	0	19	8	53	0	79	42	63	0	20	18	797	10	0	3	59	24	42	385	0	76	56	52	112	438	0	184	3	1	230	6	94	251	114	7	158	12	7	20	0	0	51	0	17	0	21	44	0	4	0	0	566	0	24	0	32	307	0	0	0	0	58	0	54	6	32	2	5	0	0	102	0	34	0	90	25	274	0	0	5	0	294	54	0	2	77	0	67	0	9	0	10	0	0	392	0	0	5	350	0	237	0	75	154	308	0	156	11	0	28	57	0	157	52	0	34	59	14	0	0	23	0	25	12	0	13	62	77	165	0	39
0	192	387	25	25	133	0	497	34	207	0	0	0	0	0	20	0	0	4	0	58	0	0	4	0	603	40	0	0	5	0	7	46	10	0	150	0	13	44	8	0	0	0	0	60	9	1	0	0	22	193	35	138	16	47	2	0	0	0	2	84	39	1	0	5	4	0	0	0	84	0	36	17	0	6	34	77	511	64	0	2	862	0	2	2	0	16	6	48	10	0	19	0	0	0	160	0	0	0	0	58	0	36	0	531	0	0	7	6	0	15	146	6	0	6	24	746	17	32	15	26	12	16	0	20	10	9	233	97	77	0	9	0	5	135	474	20	980	24	0	210	140	0	13	24	0	3	13	42	2	10	5	0	5	0	0	5	2	0	0	190	124	158	509	0	1225	341	377	17	1	24	8	0	0	0	37	13	2	28	63	135	1355	98	357
57	0	464	38	0	332	0	394	0	7	0	0	17	71	1	0	0	22	0	78	18	28	72	172	91	0	0	0	0	91	62	9	0	125	82	276	452	146	0	310	0	0	38	1	211	17	36	0	1784	341	112	13	0	0	9	23	24	5	0	416	31	7	27	17	82	3	0	5	96	2	120	1079	0	28	23	77	479	48	6	33	0	93	95	21	457	0	51	0	62	17	31	0	0	46	70	77	35	13	3	26	36	0	11	180	63	0	15	41	5	83	24	56	12	6	32	10	514	121	29	13	40	20	11	56	0	15	0	0	238	85	0	12	7	4	0	40	0	340	0	0	44	26	13	0	95	0	12	16	0	111	30	8	0	9	12	0	161	153	3	0	38	217	25	201	24	185	105	0	0	0	43	16	37	11	26	21	16	18	7	26	85	345	83	156
0	47	93	0	0	158	128	65	0	53	0	0	10	5	25	312	47	0	0	10	2	14	13	27	2	8	0	0	0	72	329	6	42	442	59	450	1356	90	0	100	0	10	0	116	40	12	28	12	4	0	1	0	19	0	0	17	1	6	0	0	0	15	0	3	101	0	3	0	0	4	165	526	0	79	1013	665	17	45	24	3	0	0	123	300	0	1	206	0	2	0	0	5	3	5	33	0	4	0	5	0	7	0	12	4	14	0	58	5	1	13	139	33	37	20	13	20	227	194	21	22	6	3	5	174	180	189	64	6	161	454	28	4	197	0	10	108	16	25	46	0	31	0	66	0	16	0	13	0	10	0	0	319	854	158	0	94	20	374	43	112	0	56	0	172	0	0	55	54	237	89	22	211	80	42	110	76	74	35	29	47	20	354	0	266
0	43	185	8	11	81	7	484	20	0	0	0	62	0	18	0	1	0	8	22	15	380	77	31	0	22	0	165	0	0	83	15	30	2	22	63	68	173	0	100	0	0	50	6	26	10	0	0	1062	0	150	27	86	0	8	8	0	8	371	250	48	5	30	4	0	29	0	0	46	5	42	771	0	16	112	260	61	234	59	9	1	497	95	0	6	37	19	0	11	0	17	0	16	4	0	122	14	40	9	7	17	3	21	0	42	6	23	0	7	59	169	45	6	27	0	13	278	29	33	31	35	8	0	0	24	55	0	30	78	100	16	0	41	6	9	0	63	51	0	0	21	16	5	13	12	0	54	15	536	19	29	186	108	47	6	56	63	47	0	0	45	89	37	148	19	189	83	57	121	4	9	12	0	7	10	6	13	0	12	54	76	261	0	88
72	0	66	4	0	76	219	53	34	30	119	0	0	0	0	32	55	0	3	11	3	1	0	8	150	0	94	109	44	56	35	33	189	37	377	674	304	56	0	28	18	30	31	12	166	14	7	16	7	0	8	11	25	0	16	0	0	0	0	118	44	56	6	36	8	0	0	4	15	3	41	430	0	55	262	90	144	31	85	48	370	9	0	4	130	138	117	3	54	13	11	13	11	35	0	0	250	0	0	0	0	4	0	18	341	29	82	33	4	28	129	68	25	0	0	1	117	197	11	44	12	15	49	323	0	393	154	16	131	290	49	0	83	0	53	287	0	96	7	19	33	43	18	0	27	52	110	806	0	46	4	50	0	24	5	206	52	0	4	0	0	153	307	111	0	388	307	0	15	100	15	50	32	24	58	101	32	0	31	51	156	649	0	325
52	0	124	3	13	238	148	156	16	1	0	67	63	3	87	44	15	0	0	0	7	434	195	61	0	597	0	0	0	26	0	3	712	0	16	94	149	0	0	0	0	22	0	26	181	13	10	9	204	164	57	0	0	0	0	8	0	0	0	19	11	19	0	0	0	20	2	3	74	5	545	1046	0	60	437	730	167	1037	38	9	0	0	163	29	113	78	87	0	16	16	1	0	0	0	0	79	0	0	0	0	0	23	6	0	0	52	13	0	5	52	37	36	5	0	94	0	429	89	28	5	21	6	0	15	80	0	755	60	315	863	48	0	0	4	32	132	0	220	9	0	63	108	7	0	51	31	73	14	29	0	0	56	13	0	9	19	278	0	342	69	8	24	4	100	9	202	114	137	20	0	47	0	12	0	27	70	13	19	12	36	59	628	15	262
30	0	163	12	3	253	17	206	26	9	0	0	0	2	14	20	40	0	0	0	0	185	7	212	56	15	0	0	0	221	0	6	469	0	192	0	343	0	0	0	3	5	0	104	102	13	0	0	174	38	19	0	55	0	26	0	62	30	0	1001	0	70	14	4	572	3	9	68	14	12	54	1176	0	74	160	116	265	176	125	6	0	72	0	34	0	227	120	8	47	5	88	29	10	37	0	683	77	0	26	9	0	6	90	23	52	0	25	0	0	11	352	109	15	30	17	9	83	70	36	0	8	15	20	162	215	79	608	81	1475	128	34	14	0	2	0	203	0	57	0	47	16	0	0	14	77	0	40	64	20	0	10	67	96	0	104	28	135	4	0	1197	0	0	127	192	34	86	53	15	72	16	8	63	3	0	10	64	7	0	23	90	25	363	0	84
0	92	516	0	0	63	0	518	0	30	26	0	3	0	0	57	107	0	521	0	3	0	0	5	0	0	343	92	26	5	0	0	527	61	13	0	1465	43	6	3	0	13	0	0	191	10	12	25	120	394	51	17	44	0	16	10	0	0	0	3	0	6	0	0	0	0	11	2	0	0	192	73	0	64	337	962	76	318	0	0	2	12	0	0	0	0	118	0	0	0	0	0	0	0	0	33	0	0	0	0	0	27	42	0	0	0	0	0	9	0	0	0	9	9	23	0	1101	0	0	0	0	8	0	1	0	23	353	209	271	199	0	0	0	0	115	23	0	2	11	0	115	28	0	0	0	20	26	70	22	0	0	82	79	309	0	74	139	0	0	0	334	0	141	293	61	364	27	0	0	2	33	89	51	18	0	47	0	0	0	37	67	753	52	170
0	0	138	16	7	73	2	247	21	0	0	42	846	0	35	0	1	3	0	40	0	649	242	175	0	2	0	74	0	0	0	0	67	0	0	46	27	61	31	44	4	16	9	11	129	0	26	7	0	8	133	28	145	34	37	3	15	18	313	1149	134	23	49	27	100	3	0	7	80	6	133	250	0	57	7	191	214	115	21	47	34	74	253	0	101	0	19	0	221	7	62	3	8	27	10	0	62	88	9	0	26	8	0	20	139	28	32	0	0	90	183	69	7	0	16	14	108	62	29	7	21	1	0	24	0	46	26	72	212	27	38	0	3	4	28	97	37	178	0	20	9	0	8	19	8	11	26	26	130	25	19	11	34	3	0	49	17	0	288	0	0	10	10	48	0	108	156	84	0	5	10	10	0	6	0	9	0	4	14	55	43	386	68	129
73	0	141	8	0	94	777	63	23	127	175	5	0	0	28	0	3	0	0	0	8	4	0	0	0	11	0	0	0	281	28	88	0	264	0	0	566	490	448	570	0	0	0	163	279	0	0	19	3	0	6	0	20	0	0	28	10	0	0	1351	0	31	0	0	0	11	10	5	10	10	58	247	0	32	742	601	26	135	90	0	0	0	0	5	0	11	18	10	0	0	0	94	9	0	0	125	0	0	0	0	0	12	137	0	0	0	17	26	17	222	252	99	15	7	0	19	164	89	0	39	5	27	159	163	16	65	0	30	24	196	154	0	46	3	0	0	17	60	11	0	25	0	20	8	14	0	24	0	23	0	0	125	0	20	11	16	135	1122	0	0	0	0	140	718	0	196	95	21	34	0	19	51	44	32	76	102	5	0	16	65	25	388	0	795
51	0	242	36	6	79	16	429	27	0	0	0	1150	0	995	80	13	106	0	3	1	3245	80	25	0	70	0	0	0	1	4	0	13	0	0	0	55	8	4	4	0	0	0	0	0	0	0	0	128	60	44	0	64	0	0	0	9	8	222	416	57	19	2	0	286	0	0	0	61	4	255	559	72	54	155	285	499	277	44	0	0	3	113	0	44	0	186	1	92	5	10	0	0	4	4	5	0	8	13	15	0	0	0	22	6	24	3	0	0	3	45	29	5	0	27	19	295	0	83	18	17	9	25	32	45	43	22	217	991	49	28	10	59	0	0	78	0	235	19	7	163	97	0	32	14	0	74	0	95	0	13	46	28	18	7	6	225	0	0	6	16	15	15	72	0	249	17	0	22	0	7	0	0	0	0	31	5	0	18	90	174	701	45	397
0	26	35	3	0	30	16	426	0	11	13	10	685	3	30	0	16	0	0	94	8	5	5	17	0	0	19	58	92	0	15	61	0	0	0	0	153	106	0	0	0	0	0	0	182	0	0	8	0	0	1	13	0	0	0	0	34	0	666	795	206	16	65	7	0	24	9	7	94	26	79	331	66	47	946	155	16	310	10	26	0	0	337	68	284	0	91	0	225	8	20	0	5	86	0	594	0	314	0	14	65	21	36	0	1042	0	53	41	2	121	34	103	0	0	231	5	106	0	29	0	8	6	0	238	0	0	0	8	18	43	12	8	4	4	23	0	31	147	92	0	26	14	4	9	0	23	19	7	0	1	0	20	0	2	4	0	133	15	29	96	0	27	1	117	31	128	35	15	0	92	8	13	0	23	32	14	0	20	9	41	0	1170	0	8
0	92	241	8	47	69	154	374	42	26	0	0	17	1	907	0	37	0	0	0	16	23	0	63	24	9	0	0	46	0	0	20	72	189	9	0	962	0	119	68	0	0	0	0	87	5	0	2	157	202	0	0	0	0	0	17	0	7	98	15	0	57	0	0	0	1	5	65	545	3	153	330	0	6	29	116	279	859	53	0	0	1	2	24	26	0	58	10	6	1	17	13	7	0	0	89	0	0	3	0	0	7	14	0	0	54	17	0	0	2	127	106	0	0	0	1	769	88	128	17	22	11	36	1160	0	42	45	14	111	144	52	14	52	0	48	224	0	177	0	0	157	21	16	0	39	9	10	18	11	0	0	13	23	21	21	48	104	4	42	587	0	136	100	760	0	473	377	0	67	0	29	114	24	30	57	125	14	24	36	42	63	1643	8	638
7	0	50	27	10	28	95	70	2	10	15	36	306	73	0	29	6	0	0	22	8	7	0	133	429	392	30	10	5	0	37	10	81	29	26	88	86	85	180	40	0	28	0	84	104	0	7	14	116	24	99	5	199	0	22	0	47	15	268	1063	94	10	135	172	386	9	0	3	53	3	50	384	32	14	72	220	419	216	17	377	0	0	0	2	0	0	8	6	5	4	251	25	0	45	0	334	136	46	4	21	87	3	0	444	88	0	0	12	7	204	398	113	1	0	6	5	97	57	0	39	20	12	56	466	0	10	0	12	61	88	0	0	1	12	8	22	62	162	6	17	22	0	11	16	20	0	8	25	23	0	7	20	0	3	0	44	197	0	17	137	0	0	47	94	0	268	138	41	0	11	19	15	0	42	17	34	3	0	8	27	172	476	32	19
49	0	321	18	13	123	813	394	18	92	102	0	0	91	15	31	12	62	0	45	0	0	0	64	0	26	42	48	0	6	3	9	76	0	118	199	40	0	0	14	151	16	0	222	92	17	16	10	49	0	62	5	34	20	0	0	13	5	0	2541	0	73	24	3	0	6	4	4	11	5	98	371	0	69	51	210	449	230	63	66	8	0	0	9	4	0	40	0	114	3	56	0	20	0	0	146	3	2	20	13	0	17	31	0	186	6	0	7	9	56	66	94	15	21	0	7	192	229	59	0	17	0	35	71	0	47	0	88	481	369	40	0	88	0	25	22	12	480	53	54	33	58	15	0	16	0	4	133	369	5	15	41	0	58	18	2	113	3	0	0	0	22	115	50	0	264	30	29	6	0	10	31	13	0	17	21	11	6	15	9	115	209	0	301
71	0	284	13	14	302	13	1216	20	11	0	0	22	1	18	0	88	0	0	0	19	0	4	490	0	58	17	41	0	16	3	27	38	72	0	42	127	10	0	131	0	0	11	28	38	0	9	17	274	0	255	54	155	0	24	0	1	9	0	5	80	31	0	0	0	3	0	0	73	11	98	429	87	9	204	622	126	428	0	2	0	327	0	0	2	0	35	0	0	5	0	0	0	4	0	73	0	0	2	0	76	8	0	0	25	0	14	0	1	0	78	77	4	0	5	9	692	114	869	16	13	12	5	30	0	0	97	103	1668	365	154	0	8	6	0	578	35	241	5	19	68	27	2	6	19	0	34	0	12	0	12	6	0	0	0	0	100	1	0	0	46	28	0	1110	0	472	176	173	0	0	36	41	0	16	3	34	3	0	49	336	76	1269	89	114
0	35	205	0	0	139	4	115	6	38	0	0	7	0	28	0	2	11	1	0	7	38	6	22	0	0	22	122	0	9	0	0	42	119	824	14	99	41	80	5	0	42	0	20	128	0	0	43	0	23	11	7	108	0	5	1	0	0	2	0	0	0	0	0	0	0	4	1	24	3	26	455	0	0	483	372	6	302	0	0	9	0	0	0	47	262	102	0	8	0	0	0	0	0	0	0	0	0	0	0	13	0	0	0	0	0	73	0	5	46	0	3	0	0	0	5	296	81	0	0	9	31	0	1	0	47	356	483	110	12	0	0	69	8	0	110	112	76	0	0	21	13	0	0	12	0	0	488	1157	0	9	92	0	118	0	70	92	0	0	8	0	87	0	279	0	71	175	59	0	272	82	0	32	0	25	0	22	3	18	48	12	541	0	121
0	12	428	15	19	315	0	0	137	61	0	0	3	0	0	20	64	0	630	0	13	13	0	30	3	0	0	0	0	61	0	66	242	0	0	0	598	338	0	204	0	0	0	459	356	24	0	28	401	63	11	0	102	0	0	25	0	0	0	0	79	13	0	0	0	1	20	5	0	19	27	470	0	41	47	1052	603	109	63	0	0	0	0	0	3	0	34	0	0	0	0	97	0	0	0	159	0	0	0	0	0	0	214	0	0	0	0	37	60	262	0	128	0	0	113	2	354	28	0	0	38	8	0	24	74	32	0	66	2004	0	38	31	0	0	100	39	49	393	88	0	51	24	0	0	20	21	7	179	52	0	0	97	68	15	3	0	201	0	0	0	34	132	127	61	0	152	394	27	0	2	17	81	0	26	33	56	19	0	14	19	64	915	45	315
16	0	227	49	15	206	36	200	47	0	89	20	399	121	55	0	43	154	0	11	13	360	76	544	38	95	23	0	0	0	0	3	93	0	0	109	30	284	10	72	57	0	23	10	161	8	12	17	81	89	105	33	95	0	0	19	28	1	143	216	0	70	49	305	0	6	0	7	42	19	41	262	0	15	116	18	228	286	64	219	435	220	0	12	16	2	99	4	202	16	152	0	0	6	0	30	339	63	16	33	84	17	16	89	218	114	42	0	10	107	97	212	3	3	51	3	36	8	40	10	12	6	47	117	0	33	0	8	180	40	1	13	0	5	46	141	0	104	103	2	19	0	3	0	7	0	3	18	103	21	8	24	309	3	17	0	57	65	17	7	6	11	11	66	3	261	146	0	0	0	11	0	0	6	22	20	0	0	21	73	185	215	139	352
21	0	178	24	10	192	0	239	6	0	0	381	26	0	18	0	0	0	3	21	3	84	5	48	17	5	0	0	4	10	76	0	0	124	6	420	0	0	0	41	85	0	0	7	0	1	0	34	0	75	30	3	68	9	0	7	9	12	82	565	49	23	24	12	315	26	0	0	109	3	235	258	0	67	503	161	164	280	16	30	45	191	18	258	46	0	87	6	26	15	81	0	20	18	0	43	14	37	6	25	17	5	0	16	180	6	35	26	0	108	59	70	25	0	36	7	51	10	0	22	19	4	12	43	142	31	63	14	239	673	37	0	0	0	125	107	17	265	25	32	27	0	22	15	47	24	0	403	126	0	67	340	248	138	6	174	115	16	518	41	11	21	2	53	364	170	50	64	16	31	47	8	17	23	19	34	21	14	11	26	21	176	46	93
137	0	571	21	0	369	14	230	12	21	0	13	2	0	107	0	39	0	0	6	19	7	2	119	33	0	0	0	47	0	0	20	108	135	0	115	0	95	252	21	0	53	0	3	39	96	1	0	282	238	69	7	102	0	36	5	23	29	106	666	52	25	0	0	1082	0	0	0	47	2	21	273	21	64	105	223	90	156	0	39	0	0	70	14	0	207	30	5	6	6	60	28	33	19	219	537	432	11	8	41	69	0	0	40	699	482	114	25	0	84	159	121	7	13	84	6	322	8	0	39	22	15	37	331	0	15	0	70	558	174	36	12	54	13	89	39	13	155	0	71	38	0	5	14	7	0	48	46	16	3	11	109	55	6	37	12	146	29	324	78	0	45	117	449	11	711	122	96	22	7	25	24	0	24	19	9	0	0	15	42	33	526	23	360
0	0	335	2	0	152	0	536	0	72	0	0	0	40	0	6	25	163	0	33	23	23	8	53	323	5	0	0	9	49	0	37	30	32	0	10	59	12	15	0	0	39	0	0	58	64	10	0	234	0	0	2	4	0	9	25	50	6	373	614	24	19	108	16	0	0	0	0	0	5	56	323	0	6	19	217	432	37	12	10	0	0	169	5	4	72	12	11	112	0	116	0	9	37	19	134	419	254	0	16	0	0	0	0	1483	0	24	0	3	308	89	62	5	5	0	5	412	0	0	3	4	5	27	82	0	61	0	8	67	65	44	0	0	0	16	0	10	107	0	74	9	0	0	10	14	0	0	57	71	267	13	13	0	21	4	6	1	0	0	0	0	75	0	114	10	302	92	0	0	4	7	37	25	11	2	15	0	9	0	30	9	733	0	17
135	0	843	11	21	137	77	337	2	0	0	29	74	208	0	27	2	0	0	0	8	263	40	164	0	103	15	12	0	0	37	17	58	23	6	233	30	91	0	0	17	0	0	9	49	1	4	0	0	156	108	0	129	12	0	4	4	0	0	73	0	53	3	1	12	0	0	0	67	9	100	799	36	88	86	414	517	179	14	2	3	0	70	5	2	190	73	6	152	13	14	0	11	8	0	32	10	26	4	0	44	2	0	10	45	4	0	0	0	57	52	72	8	20	104	18	446	114	105	7	27	20	13	12	89	15	378	210	973	188	55	0	14	7	0	73	0	454	4	0	82	10	0	21	48	11	23	0	33	7	27	0	0	40	23	45	199	12	9	291	11	73	47	134	0	138	36	41	66	37	37	49	0	14	19	35	0	0	17	26	83	380	0	260
0	0	677	61	12	905	0	0	55	0	4	288	0	4	0	23	26	0	0	0	26	4	0	0	188	8	0	0	0	62	0	0	703	253	0	817	0	0	0	0	76	0	0	928	0	0	7	7	146	126	323	0	0	0	0	23	0	0	0	2	0	0	2	0	0	27	4	14	9	12	369	0	0	0	92	0	204	2099	0	0	0	0	168	0	1	474	90	8	0	1	130	15	0	0	0	164	0	0	21	0	0	3	34	0	0	0	0	0	14	112	92	91	0	0	0	0	143	9	0	18	0	0	0	69	0	248	231	15	320	0	0	14	0	0	15	0	0	0	33	0	0	0	0	0	0	0	5	200	149	0	0	4	10	83	30	14	179	0	0	0	0	94	66	218	0	0	546	77	79	0	0	0	0	0	42	59	9	18	0	44	0	1757	0	411
0	0	610	9	6	300	22	260	14	12	11	16	9	0	0	27	100	0	103	0	0	2	0	228	0	15	20	0	0	0	0	0	47	10	0	0	28	134	39	9	0	0	0	8	21	0	4	0	0	0	0	0	2	0	0	3	0	0	0	3	0	24	3	2	0	1	0	6	14	4	74	728	0	28	89	914	194	232	127	0	0	0	0	32	0	1	86	4	0	0	5	0	0	0	36	0	0	0	0	0	0	0	22	0	8	9	0	0	1	11	3	44	7	0	0	23	776	147	263	11	12	22	10	21	265	0	1013	871	1407	289	81	20	129	0	14	310	31	561	75	0	39	52	0	0	8	0	33	39	10	0	0	0	0	11	0	35	141	4	225	0	0	0	208	750	31	503	26	107	80	0	27	197	0	0	28	141	48	43	21	79	52	637	0	380
24	0	1066	27	12	143	582	608	38	30	136	9	0	32	0	13	100	0	90	7	12	0	0	17	6	0	15	0	0	8	0	0	74	0	0	0	13	26	0	5	0	1	0	6	24	0	0	0	22	0	128	14	68	0	0	0	30	13	125	484	227	37	65	8	12	1	22	56	361	138	13	52	0	8	16	148	271	594	11	51	810	0	144	65	4	165	92	2	0	6	10	0	11	0	28	0	0	0	3	15	0	0	0	3	129	9	0	0	0	108	89	103	3	65	28	2	784	39	321	0	41	3	37	7	27	0	32	42	986	53	115	25	3	30	210	372	0	253	67	6	45	13	0	44	12	20	59	7	130	8	11	8	0	7	0	4	205	123	0	1	346	0	90	106	27	677	137	98	0	1	5	6	0	0	0	18	0	5	39	245	74	1272	0	76
45	0	164	6	0	178	62	170	0	36	13	37	0	0	64	0	40	34	0	0	22	0	0	7	80	0	0	0	0	0	0	13	0	112	0	0	33	44	41	0	0	18	0	0	37	10	0	0	0	28	18	0	140	9	0	0	0	0	658	771	0	43	0	0	0	0	21	4	170	0	66	250	0	17	0	146	161	62	53	0	0	0	0	25	0	0	8	0	0	9	42	10	0	0	156	0	114	387	0	36	0	0	55	0	234	21	23	0	0	53	411	53	0	8	0	10	349	80	82	56	0	20	13	29	40	0	0	234	3072	0	20	47	33	10	24	35	0	79	0	0	119	0	0	49	39	0	233	0	884	0	29	102	0	59	0	0	255	0	0	555	0	59	91	132	30	161	205	0	25	0	21	15	0	0	0	28	0	0	26	78	38	921	0	930
0	86	445	21	12	103	16	446	15	6	0	100	14	194	83	115	15	220	0	0	4	21	13	366	0	2	0	5	0	0	0	0	35	13	0	0	71	7	0	7	0	0	0	0	4	0	0	4	346	115	93	5	0	57	25	0	2	0	104	75	0	92	27	33	233	17	9	15	154	10	214	676	27	30	216	285	177	77	20	24	2	7	78	0	93	112	128	0	64	8	7	0	0	0	0	54	12	0	0	32	0	4	0	0	153	0	12	0	5	14	78	104	7	0	20	6	268	15	55	9	33	21	8	126	17	66	0	78	365	449	28	0	69	8	55	66	18	176	12	0	68	44	2	61	17	26	47	23	86	0	0	119	60	48	0	15	78	27	0	1384	91	36	0	103	0	320	113	71	54	0	13	5	0	3	8	33	9	0	7	91	43	732	75	131
227	0	445	6	8	142	5	779	31	19	2	0	86	60	254	67	4	392	0	0	9	130	0	618	0	0	0	0	9	0	0	4	15	22	4	0	0	62	14	11	0	2	0	1	9	0	0	0	753	644	218	45	0	0	0	0	0	0	0	0	0	13	0	0	0	7	9	0	26	5	227	352	21	0	20	876	262	604	23	0	1	85	0	0	1	0	68	0	7	0	0	0	0	4	0	9	0	0	0	0	0	0	16	0	0	0	0	0	0	0	4	84	2	0	72	4	1192	311	65	3	0	20	0	1	0	13	127	20	2567	0	62	68	0	4	0	212	39	305	0	25	46	33	0	16	25	17	60	6	0	0	23	0	0	28	0	0	122	0	0	0	70	0	63	489	0	1280	17	0	0	0	7	23	0	1	7	13	1	9	38	115	38	1352	24	123
34	0	497	4	9	67	210	544	0	0	0	0	0	3	10	0	195	0	3	0	4	89	28	109	0	6	0	0	0	11	0	4	42	17	4	28	53	0	3	31	7	0	3	15	68	3	2	0	1058	482	59	0	33	0	15	2	2	9	60	0	0	26	0	0	0	0	0	1	78	2	164	1364	0	307	72	193	256	174	58	0	0	0	0	0	3	0	108	0	5	3	0	0	0	3	12	16	0	0	0	8	37	0	6	0	0	0	0	0	0	8	93	88	7	0	74	5	281	124	0	0	5	10	24	38	0	35	0	115	740	765	58	28	110	0	28	0	45	215	8	189	92	33	6	8	26	12	14	0	15	0	0	0	8	70	5	7	85	0	0	0	0	309	464	1593	1	213	159	8	0	4	14	33	14	0	13	30	7	0	34	99	80	1962	0	622
0	41	124	0	0	72	650	188	2	11	0	18	175	13	376	86	10	0	287	0	5	170	22	61	3	4315	0	0	0	23	54	5	40	0	0	24	222	39	31	66	0	0	0	0	88	0	14	11	0	0	18	4	114	0	7	0	10	8	0	553	0	51	0	25	0	0	0	0	22	0	30	220	23	0	83	260	143	152	25	9	8	0	3	25	519	37	128	23	99	8	0	0	9	8	21	58	0	25	4	17	24	5	0	0	82	0	28	0	0	15	186	81	0	7	0	4	148	129	53	22	23	16	23	158	0	0	0	96	605	0	11	5	59	0	220	137	35	146	0	72	0	62	5	11	31	14	12	250	195	7	15	62	14	27	6	10	135	16	30	0	0	0	10	17	0	45	32	0	13	85	0	3	6	0	10	15	0	0	11	60	96	327	34	81
88	0	362	8	10	106	19	144	57	0	0	0	55	6	30	794	18	87	0	9	26	254	266	36	0	70	0	12	0	0	35	0	66	0	8	0	38	38	33	29	0	20	14	0	83	16	14	5	350	90	209	35	28	7	32	0	4	36	19	15	23	57	0	0	279	2	0	5	22	5	96	382	0	59	72	140	165	463	51	54	278	363	0	0	0	95	107	5	18	12	46	3	8	44	0	659	0	24	17	20	81	0	135	0	52	62	62	0	0	16	116	141	6	0	5	6	285	163	46	12	21	5	10	287	2	47	0	23	122	280	33	20	0	8	106	112	11	277	30	145	37	30	8	16	50	0	10	12	9	0	20	38	11	0	8	6	70	22	0	1121	901	97	0	207	0	168	322	258	0	0	12	10	0	7	12	32	6	4	6	110	289	339	27	41
31	0	128	5	0	36	0	142	5	0	0	0	37	125	0	2	7	0	121	14	0	200	31	41	178	77	100	221	40	21	0	24	0	295	0	683	0	0	0	0	0	14	0	0	70	16	0	21	59	53	35	0	0	0	0	3	12	0	166	104	45	27	16	1	109	3	24	0	9	22	184	375	0	120	877	902	256	246	68	39	356	0	22	0	0	46	75	17	0	11	0	8	19	0	0	51	38	0	8	28	18	13	28	0	326	0	129	12	4	31	51	68	0	9	0	15	239	83	0	0	9	8	11	52	9	77	0	137	215	328	11	0	45	0	28	47	0	41	0	25	33	0	26	0	75	0	27	504	172	0	8	0	146	67	43	15	185	11	0	562	0	0	26	138	49	90	52	77	0	142	33	38	48	49	100	62	19	10	5	15	128	198	0	111
0	12	840	7	0	194	55	633	0	7	6	0	146	42	12	24	137	0	5	11	31	210	89	29	0	0	29	84	0	5	6	0	171	63	6	55	264	34	0	54	16	0	10	0	18	23	1	4	0	34	105	70	39	0	15	0	5	0	0	97	0	48	0	23	199	3	0	5	63	22	10	562	0	28	129	62	145	280	122	0	0	0	0	0	143	0	130	16	4	27	4	0	10	105	12	4	0	0	10	0	70	17	0	0	107	0	0	0	12	46	123	157	5	11	66	11	239	1	232	0	21	12	6	30	0	0	248	86	1326	22	87	15	21	2	81	566	0	361	46	5	92	17	0	11	24	0	6	12	61	5	6	32	13	36	4	0	77	0	0	398	0	233	871	2008	23	385	97	0	0	40	2	11	0	2	8	42	0	7	28	124	20	433	25	282
29	0	117	14	17	145	20	209	8	0	0	38	379	9	7	18	1	6	1768	12	4	721	121	62	2	2439	0	0	0	0	0	0	12	31	0	0	0	131	0	77	0	3	0	0	76	3	0	5	0	23	30	5	0	0	0	0	4	6	497	117	14	44	0	0	166	7	0	3	86	0	44	1183	0	100	124	261	111	137	28	3	21	99	59	0	13	6	31	19	38	0	18	0	0	3	0	58	0	16	21	11	13	0	0	6	66	8	0	0	0	11	125	41	4	0	29	10	93	13	20	13	12	9	8	14	15	86	15	72	623	136	30	7	11	7	13	57	0	164	0	44	32	39	19	6	0	14	22	53	85	0	19	56	0	19	5	46	42	15	17	0	0	0	26	30	5	50	32	8	27	13	14	15	0	7	19	49	0	6	8	41	40	311	0	42
0	14	409	12	2	437	33	496	9	0	0	62	385	331	11	0	35	0	0	0	54	282	80	245	0	0	0	8	0	12	0	17	40	0	11	13	52	0	0	14	0	8	0	25	0	0	10	0	349	190	90	15	159	25	33	0	0	9	314	1142	19	35	0	10	0	1	55	1	62	5	79	387	49	75	148	204	507	96	204	0	1775	0	0	6	0	213	51	2	47	0	34	0	19	0	0	398	96	0	3	30	0	0	139	0	178	0	18	13	0	54	152	122	3	5	92	5	167	5	65	14	19	13	13	108	27	72	0	174	1377	106	29	4	21	7	15	112	105	156	43	11	78	0	0	9	19	0	43	43	38	0	19	0	32	34	0	0	107	0	0	225	0	61	79	139	0	327	46	38	0	46	8	12	0	0	0	5	0	0	27	97	73	1007	18	77
0	11	111	8	9	119	67	326	13	0	0	69	92	180	0	62	6	0	2076	0	20	214	90	302	0	21	0	3	25	8	0	12	12	44	0	0	45	50	8	73	0	33	0	50	56	0	7	15	606	21	86	9	0	0	16	3	15	20	0	10	87	59	5	47	0	0	0	0	10	3	111	404	25	33	10	114	239	282	44	43	86	427	0	10	7	8	28	15	0	2	26	7	19	72	34	214	5	34	5	0	41	7	34	0	168	6	0	23	0	84	238	78	3	0	21	6	128	32	27	6	27	16	14	35	6	64	0	28	675	0	11	16	14	0	0	172	35	101	8	0	18	0	8	13	25	0	17	212	22	0	9	140	0	0	0	4	22	0	0	827	0	0	0	8	0	189	68	41	0	2	11	75	0	8	18	34	11	6	11	80	165	505	0	47
56	0	165	7	13	41	0	377	0	0	20	0	0	20	0	42	67	0	0	0	6	4	0	209	0	0	21	0	0	0	6	36	58	37	0	10	31	0	0	28	1	0	7	4	31	3	4	0	149	0	148	0	46	17	32	13	0	0	0	854	99	56	38	3	278	1	13	1	31	14	72	277	0	16	86	142	180	252	0	0	478	76	0	4	555	0	71	0	91	9	13	0	7	9	11	11	31	0	0	0	36	5	0	6	201	0	71	20	1	99	208	46	12	20	72	8	215	59	330	42	28	23	21	120	16	56	26	111	778	178	57	15	205	7	23	158	49	245	32	0	69	28	0	14	17	0	21	890	124	31	25	27	131	23	0	31	108	0	46	599	0	38	3	316	0	182	121	30	11	0	36	62	4	0	49	50	0	0	23	55	58	231	11	443
103	0	443	2	5	365	149	188	11	74	41	0	13	86	17	0	19	0	375	0	8	32	30	88	0	2	0	319	46	14	0	21	140	365	64	34	405	241	14	23	24	22	0	151	0	19	3	13	0	0	57	0	0	0	0	13	0	0	53	0	0	54	4	14	0	5	18	12	5	20	84	816	0	77	74	937	44	365	28	136	0	2	286	25	124	493	53	0	52	5	17	0	0	0	28	0	59	148	2	28	0	21	34	0	309	0	60	0	18	37	61	73	4	31	0	10	840	0	0	11	26	17	20	39	13	0	55	126	191	144	63	0	0	6	0	185	0	72	292	6	52	0	32	15	12	0	65	37	58	1	7	33	151	4	8	4	127	0	0	0	15	22	34	15	0	47	91	13	136	6	30	128	0	13	36	36	16	0	26	91	79	1068	0	445
49	0	140	7	9	352	19	398	2	28	0	0	0	0	15	0	39	45	6	0	4	0	0	97	0	5	26	158	0	47	0	12	610	141	252	273	17	715	49	60	0	0	42	30	189	2	6	21	0	57	24	0	70	0	0	0	0	0	196	123	0	96	0	0	893	0	0	77	25	6	25	350	0	35	196	465	107	892	46	0	0	0	0	0	0	0	131	0	3	3	4	10	0	0	0	56	0	0	0	0	23	3	18	0	0	5	0	9	3	34	226	32	19	0	59	3	519	212	90	59	10	19	12	23	0	139	30	41	2533	0	40	10	0	11	0	64	120	106	41	0	33	8	5	12	0	48	38	0	42	16	17	13	0	122	21	0	74	0	0	1003	0	41	197	263	0	413	89	62	55	0	19	39	0	5	9	78	14	17	24	69	101	716	0	228
0	22	158	24	0	75	0	193	21	30	25	0	0	203	0	19	20	0	482	0	2	22	14	40	0	7	54	0	0	4	0	6	104	72	11	41	0	287	597	46	0	0	18	20	42	7	0	9	11	1	3	1	0	14	0	4	7	9	0	233	60	19	11	0	0	2	0	6	53	6	252	314	80	52	125	318	161	14	55	23	9	8	65	20	943	7	16	8	69	0	60	0	7	0	237	8	0	0	0	0	0	9	16	0	319	50	242	0	12	62	173	65	28	7	170	4	370	64	95	12	24	6	2	146	40	16	0	0	644	438	0	9	14	5	5	66	58	79	80	45	0	11	31	6	7	14	39	386	0	6	3	307	0	29	32	9	224	3	7	0	21	17	0	111	27	102	72	45	79	14	21	40	76	16	56	67	42	12	15	58	16	647	24	182
65	0	501	7	10	273	38	370	27	55	0	0	0	5	0	85	27	175	0	13	11	55	0	310	34	0	0	0	5	0	0	24	271	126	16	537	161	179	39	73	0	73	0	0	24	22	13	4	84	0	160	0	52	25	0	2	10	15	53	328	103	38	4	23	318	0	0	0	44	0	128	451	49	44	349	283	275	455	71	41	0	0	320	0	28	277	124	11	8	3	24	4	9	16	246	0	56	17	0	0	43	9	0	26	192	0	77	72	1	29	137	96	18	22	0	3	437	282	54	5	24	3	15	270	0	18	141	40	137	790	40	14	129	7	0	292	0	192	3	0	23	31	20	0	19	0	87	22	184	0	10	0	26	27	11	37	77	67	500	0	0	0	21	60	0	589	113	126	87	0	43	132	15	73	38	158	22	12	19	93	37	798	31	422
0	54	254	0	0	27	0	0	0	0	0	0	0	0	0	6	0	0	0	0	0	2	0	0	0	332	0	0	0	266	0	0	36	42	0	0	819	169	0	0	0	0	0	0	0	0	0	0	0	112	8	0	0	0	0	28	0	0	0	2	0	0	1	0	2	0	0	0	0	0	0	0	0	0	0	9	2	2	0	0	3	0	0	0	0	0	4	0	1	0	0	0	0	0	0	0	2	0	0	0	0	0	0	0	4	0	0	0	0	1	0	0	0	0	0	0	0	0	4	0	0	0	0	0	0	0	0	0	0	142	0	0	0	0	0	0	0	0	0	0	0	0	0	0	0	0	0	5	0	0	0	0	0	0	0	0	0	0	0	0	0	0	0	323	0	7	0	0	0	0	0	0	0	0	0	0	0	0	0	0	0	90	0	4
0	19	271	11	0	150	24	248	8	0	0	0	174	0	0	49	9	12	154	0	0	107	11	79	12	4	221	0	26	0	137	24	28	55	0	44	44	781	23	68	7	0	0	9	151	11	14	28	40	19	14	4	0	7	3	6	0	0	74	325	32	22	0	26	243	2	0	0	20	4	157	710	0	173	440	442	290	94	0	169	0	0	0	1	49	309	44	0	8	7	84	12	30	17	12	119	6	80	11	30	25	0	0	30	290	0	106	11	1	32	164	108	15	2	39	9	286	140	59	13	10	16	13	60	59	24	12	70	398	126	21	45	19	5	309	175	55	185	5	47	61	44	14	9	30	0	25	207	76	4	15	127	142	90	74	59	115	20	557	72	3	0	19	90	26	67	123	45	12	4	16	14	0	32	45	10	27	43	6	87	53	248	19	167
0	9	91	16	6	66	44	191	15	1	0	0	982	20	0	11	3	25	0	15	4	576	217	25	0	931	15	0	12	0	0	3	73	0	5	5	25	9	6	20	5	7	0	17	36	7	11	0	11	23	54	0	33	27	10	2	15	12	527	0	43	6	7	3	23	3	0	0	55	6	75	163	0	17	84	87	324	78	0	9	7	9	2	29	5	0	72	2	42	12	31	0	0	19	0	46	12	16	15	0	32	7	21	25	144	6	11	10	0	24	62	48	17	31	28	23	203	39	45	16	8	9	21	14	17	89	176	126	1203	112	45	17	92	9	1	57	13	208	7	0	18	22	10	4	9	44	28	31	103	7	46	175	84	23	13	227	160	1058	22	100	0	4	9	13	11	54	15	0	29	227	18	10	0	20	12	40	25	14	8	58	52	243	28	96
0	120	368	12	0	96	0	207	26	0	179	0	12	32	16	16	2	0	17	10	21	210	0	100	461	29	1	0	18	0	133	56	368	0	92	376	0	95	0	61	13	27	0	717	170	40	11	10	381	281	0	0	0	0	0	7	0	0	0	4	0	69	0	7	0	31	36	8	0	40	165	91	0	44	38	99	436	621	0	0	0	18	2	0	844	0	125	0	0	11	112	12	0	0	107	5	40	0	2	77	0	0	0	0	1108	0	33	0	14	201	89	2	0	31	0	18	64	114	0	0	10	0	4	73	0	56	0	2	619	167	0	26	16	0	0	0	0	227	5	0	57	0	0	0	16	31	135	8	139	0	0	64	0	30	10	0	222	4	0	1	43	5	24	94	0	373	438	0	52	8	28	0	12	0	13	27	4	0	0	42	91	382	38	236
0	0	225	14	0	518	15	0	0	0	362	0	0	0	28	24	0	0	760	0	0	0	0	0	211	48	0	0	0	17	49	22	0	208	391	176	0	0	0	0	0	13	0	102	75	0	0	10	63	42	0	0	31	11	0	21	0	0	0	2	80	0	0	0	2	3	16	15	162	14	0	0	0	0	647	0	397	508	12	0	58	0	130	21	8	0	133	5	0	8	3	0	0	13	196	0	0	0	0	45	0	8	32	0	0	41	14	0	11	38	138	501	0	0	56	0	163	0	0	0	30	11	13	26	1306	183	647	0	0	0	203	0	0	0	441	0	0	0	0	0	84	0	10	0	34	0	0	0	54	0	0	42	149	61	0	0	183	0	0	586	0	176	133	346	0	597	533	45	0	9	97	0	29	0	0	88	24	0	0	77	53	3143	0	92
94	0	580	12	20	492	71	298	13	25	8	0	0	0	66	16	78	173	0	4	10	0	3	0	0	4	53	85	0	24	0	0	0	180	48	105	26	113	0	74	53	32	38	5	469	22	30	12	0	0	112	9	88	20	0	12	0	11	0	711	21	53	20	9	400	1	15	6	36	6	63	552	0	19	78	688	132	312	51	17	3	322	0	42	68	0	112	9	11	19	11	0	6	36	46	0	6	24	8	0	62	5	0	25	142	6	7	0	15	108	83	154	7	20	0	7	316	434	272	47	66	12	36	53	0	73	0	15	580	132	80	0	0	5	0	224	786	125	156	0	68	44	16	22	16	98	87	68	42	57	6	17	0	6	0	10	164	0	0	253	0	116	0	236	1	406	48	8	28	0	15	40	0	0	10	50	5	0	33	169	233	784	18	312
0	12	46	0	0	390	70	8	9	29	0	222	0	0	0	998	0	0	0	0	5	0	0	4	14	149	0	464	23	54	0	107	570	60	137	1168	226	83	0	206	11	20	17	42	142	14	99	0	70	0	86	33	0	0	0	24	3	0	0	21	0	11	0	1	0	5	1	2	12	2	35	524	85	0	376	243	8	0	49	0	7	0	54	71	0	56	57	0	0	0	17	0	0	0	0	24	0	22	0	28	0	2	15	0	183	7	71	0	3	227	18	63	0	0	0	7	394	0	0	0	15	7	0	32	0	91	96	423	950	172	40	0	0	0	202	13	0	125	56	0	35	0	0	5	0	0	5	29	199	0	7	0	7	0	4	26	60	99	0	0	0	0	30	119	0	374	22	54	37	44	48	0	6	0	7	109	0	0	16	37	134	710	0	134
